sample	fastq_frag_count	genome_mapped	tophat_genome_mapped	star_genome_mapped	trans_mapped	trans_mapped	rRNA_count	rRNA	gene_count	tube	mass 	mar	time					
T24hr_A01_S97	2869142	2578855	89.88	0	1944588	67.78	50629	1.76	7009	1	10.3204	-0.294865	24				865985.9115	40.31234375
T24hr_A02_S98	2849911	2399835	84.21	0	1884480	66.12	17560	0.62	4051	9	39.42983	3.260807	24				69856.67574	1.998848811
T24hr_A03_S99	533	34	6.38	-0.19	14	2.63	0	0	14	17	27.92372	0.9910473	24					
T24hr_A04_S100	957	45	4.7	-0.1	11	1.15	0	0	11	25	31.839	3.228509	24					
T24hr_A05_S101	821	110	13.4	-0.12	90	10.96	1	0.12	81	33	-9999999	-9999999	24					
T24hr_A06_S102	1687712	1471663	87.2	0	1070151	63.41	34693	2.06	5839	41	43.46083	5.016325	24					
T24hr_A07_S103	885	110	12.43	-0.11	77	8.7	0	0	69	49	40.21378	3.306131	24					
T24hr_A08_S104	3423	454	13.26	-0.03	284	8.3	9	0.26	232	57	55.82065	4.661465	24					
T24hr_A09_S105	8546	1069	12.51	-0.01	571	6.68	15	0.18	395	65	55.70735	3.422408	24					
T24hr_A10_S106	1059	90	8.5	-0.09	56	5.29	1	0.09	46	73	58.43832	4.236101	24					
T24hr_A11_S107	1414	185	13.08	-0.07	125	8.84	2	0.14	106	81	63.20283	4.42858	24					
T24hr_A12_S108	2335	77	3.3	-0.04	31	1.33	5	0.21	25	89	33.37803	1.487131	24					
T24hr_B01_S109	1481577	1238750	83.61	0	855053	57.71	50723	3.42	5500	2	33.09813	0.2255578	24					
T24hr_B02_S110	1126	349	30.99	-0.09	244	21.67	4	0.36	210	10	51.45745	2.869164	24					
T24hr_B03_S111	1246604	1022792	82.05	0	771239	61.87	9863	0.79	5202	18	36.11336	2.512838	24					
T24hr_B04_S112	1183	251	21.22	-0.08	160	13.52	7	0.59	149	26	32.31396	1.51348	24					
T24hr_B05_S113	1402504	1170900	83.49	0	924281	65.9	22882	1.63	5835	34	40.05935	3.061055	24					
T24hr_B06_S114	1195211	1030805	86.24	0	728734	60.97	26020	2.18	6876	42	49.93978	3.097375	24					
T24hr_B07_S115	2379	165	6.94	-0.04	49	2.06	1	0.04	48	50	32.97934	1.478081	24					
T24hr_B08_S116	1343624	1170545	87.12	0	863225	64.25	26830	2	7385	58	37.10727	3.487444	24					
T24hr_B09_S117	1639073	1165717	71.12	0	968587	59.09	12868	0.79	3177	66	68.70789	7.585482	24					
T24hr_B10_S118	1359711	1159210	85.25	0	768332	56.51	40187	2.96	6520	74	-9999999	-9999999	24					
T24hr_B11_S119	1978314	1662585	84.04	0	1314752	66.46	18929	0.96	5192	82	45.56859	3.178376	24					
T24hr_B12_S120	1510117	1239363	82.07	0	964922	63.9	16416	1.09	4752	90	45.10547	1.495607	24					
T24hr_C01_S121	1771089	1530836	86.43	0	1092496	61.68	44146	2.49	6593	3	37.62944	3.625478	24					
T24hr_C02_S122	3805	2497	65.62	-0.03	1943	51.06	22	0.58	1071	11	-9999999	-9999999	24					
T24hr_C03_S123	819	181	22.1	-0.12	120	14.65	2	0.24	104	19	35.80551	2.0939	24					
T24hr_C04_S124	1473	533	36.18	-0.07	356	24.17	9	0.61	301	27	42.19431	3.771707	24					
T24hr_C05_S125	1869614	1602255	85.7	0	1275167	68.2	23579	1.26	6662	35	49.80178	2.846314	24					
T24hr_C06_S126	1775754	1493603	84.11	0	1043704	58.78	51725	2.91	7110	43	51.8485	4.464339	24					
T24hr_C07_S127	2585793	2088488	80.77	0	1559485	60.31	12360	0.48	5259	51	31.81308	2.714431	24					
T24hr_C08_S128	2371887	2087517	88.01	0	1503001	63.37	42407	1.79	8117	59	67.70897	5.954072	24					
T24hr_C09_S129	2607654	2183277	83.73	0	1766631	67.75	12581	0.48	4883	67	55.0515	4.223382	24					
T24hr_C10_S130	1636058	1422476	86.95	0	998580	61.04	40063	2.45	7451	75	-9999999	-9999999	24					
T24hr_C11_S131	2583430	2227098	86.21	0	1723756	66.72	18186	0.7	6567	83	58.45917	4.593258	24					
T24hr_C12_S132	1776333	1319176	74.26	0	999447	56.26	25324	1.43	4902	91	31.66601	1.72404	24					
T24hr_D01_S133	1129758	959188	84.9	0	-1	0	-1	-1	-1	4	33.85901	0.3946252	24					
T24hr_D02_S134	2177912	1855521	85.2	0	1454679	66.79	7863	0.36	5510	12	49.15881	2.55653	24					
T24hr_D03_S135	278	41	14.75	-0.36	26	9.35	1	0.36	22	20	47.98827	4.366441	24					
T24hr_D04_S136	2253886	1586524	70.39	0	1281087	56.84	7969	0.35	3202	28	41.9836	2.530614	24					
T24hr_D05_S137	2292098	1950675	85.1	0	1546303	67.46	29261	1.28	6748	36	33.27518	3.589998	24					
T24hr_D06_S138	1425723	1185299	83.14	0	835784	58.62	49499	3.47	7027	44	44.4529	-3.57767	24					
T24hr_D07_S139	31	14	45.16	-3.23	7	22.58	0	0	7	52	29.32503	1.484204	24					
T24hr_D08_S140	1843947	1620216	87.87	0	1173359	63.63	34860	1.89	8005	60	33.53011	2.271218	24					
T24hr_D09_S141	2383471	1988109	83.41	0	1638602	68.75	12882	0.54	4833	68	56.4253	1.413362	24					
T24hr_D10_S142	1949329	1711015	87.77	0	1244306	63.83	51839	2.66	7572	76	55.71372	3.688023	24					
T24hr_D11_S143	2660326	2298189	86.39	0	1807628	67.95	19772	0.74	6589	84	58.76428	4.037889	24					
T24hr_D12_S144	265563	178343	67.16	0	137758	51.87	4007	1.51	3897	92	36.03371	2.358642	24					
T24hr_E01_S145	680800	105387	15.48	0	66778	9.81	6656	0.98	3474	5	40.40164	4.346262	24					
T24hr_E02_S146	24778	21050	84.95	0	16900	68.21	100	0.4	3115	13	43.15101	4.525971	24					
T24hr_E03_S147	113	81	71.68	-0.88	63	55.75	0	0	57	21	33.07716	2.9607	24					
T24hr_E04_S148	109131	76522	70.12	0	64072	58.71	414	0.38	2388	29	47.23309	4.585952	24					
T24hr_E05_S149	29263	24195	82.68	0	19295	65.94	384	1.31	3955	37	-9999999	-9999999	24					
T24hr_E06_S150	345727	303309	87.73	0	230681	66.72	8694	2.51	5881	45	53.31382	3.554675	24					
T24hr_E07_S151	525110	451115	85.91	0	313310	59.67	12788	2.44	4683	53	55.01579	3.857874	24					
T24hr_E08_S152	850143	709648	83.47	0	526123	61.89	18268	2.15	6259	61	27.10231	1.211978	24					
T24hr_E09_S153	383355	329614	85.98	0	258824	67.52	2005	0.52	4898	69	48.06027	2.987144	24					
T24hr_E10_S154	138831	107752	77.61	0	87746	63.2	4835	3.48	4018	77	36.99038	3.889709	24					
T24hr_E11_S155	590177	522621	88.55	0	426576	72.28	2560	0.43	5585	85	55.06733	3.588288	24					
T24hr_E12_S156	7393	5582	75.5	-0.01	4591	62.1	3	0.04	902	93	38.82513	3.509775	24					
T24hr_F01_S157	806913	713514	88.43	0	560344	69.44	11909	1.48	4758	6	44.58828	1.064953	24					
T24hr_F02_S158	1645569	1458400	88.63	0	1153957	70.13	35599	2.16	5988	14	58.51404	3.389131	24					
T24hr_F03_S159	1807	366	20.25	-0.06	288	15.94	3	0.17	240	22	27.04163	1.172023	24					
T24hr_F04_S160	1878	333	17.73	-0.05	246	13.1	12	0.64	204	30	22.45579	1.756284	24					
T24hr_F05_S161	2869	898	31.3	-0.03	687	23.95	26	0.91	484	38	61.47397	3.863245	24					
T24hr_F06_S162	4382	1497	34.16	-0.02	1051	23.98	97	2.21	682	46	42.02016	4.204159	24					
T24hr_F07_S163	2133307	1808396	84.77	0	1364870	63.98	16651	0.78	4208	54	38.15277	2.041571	24					
T24hr_F08_S164	1234419	1072612	86.89	0	802021	64.97	36020	2.92	5191	62	39.88711	2.596706	24					
T24hr_F09_S165	71614	58630	81.87	0	45875	64.06	1147	1.6	3729	70	45.86846	2.191037	24					
T24hr_F10_S166	1295476	1152156	88.94	0	953647	73.61	33764	2.61	5662	78	-9999999	-9999999	24					
T24hr_F11_S167	817	36	4.41	-0.12	9	1.1	2	0.24	8	86	-9999999	-9999999	24					
T24hr_F12_S168	407	16	3.93	-0.25	10	2.46	0	0	10	94	46.69989	4.227365	24					
T24hr_G01_S169	1385291	1221935	88.21	0	934615	67.47	26482	1.91	5872	7	54.04866	4.301651	24					
T24hr_G02_S170	1603230	1333560	83.18	0	944912	58.94	27446	1.71	4612	15	57.61413	3.037862	24					
T24hr_G03_S171	1989001	1729517	86.95	0	1384646	69.62	12680	0.64	4723	23	49.86193	1.757418	24					
T24hr_G04_S172	105383	76121	72.23	0	55241	52.42	191	0.18	1210	31	-9999999	-9999999	24					
T24hr_G05_S173	1151827	862590	74.89	0	634230	55.06	4410	0.38	2634	39	22.03794	0.4265724	24					
T24hr_G06_S174	686802	583649	84.98	0	430932	62.74	14436	2.1	4403	47	38.06218	3.4768	24					
T24hr_G07_S175	940705	818691	87.03	0	579064	61.56	10962	1.17	4666	55	47.19123	2.895762	24					
T24hr_G08_S176	820695	708086	86.28	0	501133	61.06	15593	1.9	5176	63	46.31688	2.182628	24					
T24hr_G09_S177	1087171	919617	84.59	0	688412	63.32	8111	0.75	4111	71	39.2318	3.41345	24					
T24hr_G10_S178	925074	812822	87.87	0	587837	63.54	23626	2.55	5894	79	61.39037	5.14737	24					
T24hr_G11_S179	1240687	1058961	85.35	0	793610	63.97	9565	0.77	4451	87	46.22925	2.110803	24					
T24hr_G12_S180	1183630	1009433	85.28	0	747737	63.17	8929	0.75	4353	95	51.42515	1.910212	24					
T24hr_H01_S181	158805	131495	82.8	0	98058	61.75	3597	2.27	3788	8	34.95257	2.333862	24					
T24hr_H02_S182	139	74	53.24	-0.72	36	25.9	1	0.72	30	16	41.54168	3.832043	24					
T24hr_H03_S183	43	7	16.28	-2.33	8	18.6	0	0	8	24	35.6702	3.095561	24					
T24hr_H04_S184	25	6	24	-4	6	24	0	0	6	32	31.39472	2.338609	24					
T24hr_H05_S185	40	17	42.5	-2.5	6	15	0	0	6	40	52.61518	2.853878	24					
T24hr_H06_S186	154796	122631	79.22	0	103407	66.8	4744	3.06	3615	48	31.68388	3.113332	24					
T24hr_H07_S187	80	21	26.25	-1.25	8	10	0	0	8	56	53.96963	3.584647	24					
T24hr_H08_S188	5503	4011	72.89	-0.02	2715	49.34	113	2.05	1383	64	41.80434	3.001969	24					
T24hr_H09_S189	91889	65767	71.57	0	49969	54.38	2459	2.68	4211	72	57.35543	4.491252	24					
T24hr_H10_S190	197	99	50.25	-0.51	74	37.56	3	1.52	69	80	59.89454	3.136255	24					
T24hr_H11_S191	142653	112862	79.12	0	81956	57.45	1673	1.17	3209	88	41.97445	1.406154	24					
T24hr_H12_S192	7426	5594	75.33	-0.01	4580	61.68	60	0.81	1630	96	55.30059	3.27609	24					
T48hr_A01_S193	1942279	4159	0.21	0	3	0	90	0	3	1	35.62897	3.474149	48					
T48hr_A02_S194	1349164	1681	0.12	0	5	0	31	0	5	9	41.48777	5.409454	48					
T48hr_A03_S195	1273370	9415	0.74	0	4815	0.38	3356	0.26	1112	17	58.25734	6.891017	48					
T48hr_A04_S196	1466054	3318	0.23	0	7	0	73	0	7	25	58.70882	6.655301	48					
T48hr_A05_S197	1671738	1360225	81.37	0	1054464	63.08	677555	40.53	7790	33	70.65706	0.5498338	48					
T48hr_A06_S198	702553	474329	67.52	0	390184	55.54	347565	49.47	4183	41	37.99671	1.046765	48					
T48hr_A07_S199	1725135	2912	0.17	0	5	0	89	0.01	5	49	45.41092	2.969317	48					
T48hr_A08_S200	1728353	5319	0.31	0	8	0	120	0.01	8	57	42.90221	5.21953	48					
T48hr_A09_S201	5272	169	3.21	-0.02	19	0.36	4	0.08	18	65	45.41343	8.203949	48					
T48hr_A10_S202	2129852	4700	0.22	0	6	0	112	0.01	5	73	41.1385	-2.979531	48					
T48hr_A11_S203	1598283	5133	0.32	0	4	0	119	0.01	4	81	40.56568	4.467661	48					
T48hr_A12_S204	1384821	1036749	74.87	0	862586	62.29	8101	0.58	5096	89	47.56707	4.972051	48					
T48hr_B01_S205	985595	728887	73.95	0	549726	55.78	88627	8.99	5760	2	37.60379	2.707609	48					
T48hr_B02_S206	118672	27279	22.99	0	14561	12.27	4716	3.97	2661	10	31.2016	-0.9145837	48					
T48hr_B03_S207	312256	72233	23.13	0	45586	14.6	18268	5.85	4938	18	43.97052	3.410359	48					
T48hr_B04_S208	227952	112606	49.4	0	75091	32.94	17167	7.53	6011	26	61.30662	5.711956	48					
T48hr_B05_S209	386690	328333	84.91	0	239432	61.92	49407	12.78	7692	34	58.4434	6.97057	48					
T48hr_B06_S210	539080	439718	81.57	0	227662	42.23	46234	8.58	7027	42	58.06321	5.822706	48					
T48hr_B07_S211	761837	612769	80.43	0	442586	58.09	90250	11.85	6812	50	45.33515	5.838816	48					
T48hr_B08_S212	591332	356377	60.27	0	231135	39.09	61699	10.43	7266	58	56.28892	5.275013	48					
T48hr_B09_S213	2698	98	3.63	-0.04	4	0.15	1	0.04	4	66	45.54721	6.40941	48					
T48hr_B10_S214	338969	195898	57.79	0	132754	39.16	13633	4.02	6213	74	45.6383	5.644871	48					
T48hr_B11_S215	256520	11003	4.29	0	914	0.36	179	0.07	325	82	50.03526	5.511065	48					
T48hr_B12_S216	1043550	730883	70.04	0	597382	57.25	7396	0.71	4952	90	38.11887	2.123863	48					
T48hr_C01_S217	4034425	3104403	76.95	0	2461223	61.01	186733	4.63	6098	3	36.92717	4.044625	48					
T48hr_C02_S218	1531776	1197514	78.18	0	882302	57.6	61902	4.04	6638	11	-9999999	-9999999	48					
T48hr_C03_S219	1162398	867937	74.67	0	584083	50.25	62847	5.41	6284	19	59.04909	6.147337	48					
T48hr_C04_S220	1294472	806830	62.33	0	639496	49.4	50090	3.87	5166	27	36.4063	3.13462	48					
T48hr_C05_S221	1662264	1342694	80.78	0	1027323	61.8	88937	5.35	6718	35	44.83364	-0.1227247	48					
T48hr_C06_S222	1998583	1603556	80.23	0	1217882	60.94	92995	4.65	6893	43	58.54872	7.123117	48					
T48hr_C07_S223	1013485	611807	60.37	0	470995	46.47	61946	6.11	4481	51	52.52892	1.149083	48					
T48hr_C08_S224	1492761	512692	34.35	0	399934	26.79	82866	5.55	2402	59	37.19483	2.32683	48					
T48hr_C09_S225	1988	66	3.32	-0.05	4	0.2	4	0.2	4	67	58.17695	1.265667	48					
T48hr_C10_S226	2323848	1881628	80.97	0	1439342	61.94	89505	3.85	6933	75	41.65904	4.431693	48					
T48hr_C11_S227	1494658	1102313	73.75	0	922487	61.72	40613	2.72	4983	83	34.41698	3.006323	48					
T48hr_C12_S228	512567	361189	70.47	0	303997	59.31	21127	4.12	4679	91	47.8928	5.98771	48					
T48hr_D01_S229	2236110	1697757	75.92	0	1313637	58.75	45166	2.02	5281	4	32.6393	3.095867	48					
T48hr_D02_S230	2174514	1397988	64.29	0	1158629	53.28	49120	2.26	4361	12	-9999999	-9999999	48					
T48hr_D03_S231	1543306	1187258	76.93	0	863158	55.93	41269	2.67	6084	20	43.10879	4.631379	48					
T48hr_D04_S232	1817582	1407930	77.46	0	1102937	60.68	50627	2.79	6214	28	40.54294	3.994761	48					
T48hr_D05_S233	1389360	601502	43.29	0	180292	12.98	108123	7.78	2555	36	42.68726	4.7731	48					
T48hr_D06_S234	1778509	1411095	79.34	0	1094185	61.52	60697	3.41	6665	44	46.7947	4.618642	48					
T48hr_D07_S235	2121433	1684937	79.42	0	1247318	58.8	61330	2.89	6545	52	47.43856	5.235101	48					
T48hr_D08_S236	1137	22	1.93	-0.09	4	0.35	1	0.09	4	60	43.49323	5.387103	48					
T48hr_D09_S237	1360	48	3.53	-0.07	2	0.15	0	0	2	68	36.12232	2.167091	48					
T48hr_D10_S238	1854281	1407606	75.91	0	1021544	55.09	53817	2.9	6613	76	37.64975	3.910818	48					
T48hr_D11_S239	2191804	1814264	82.77	0	1383972	63.14	92174	4.21	7972	84	63.04808	5.206615	48					
T48hr_D12_S240	1767698	948510	53.66	0	840579	47.55	59385	3.36	3591	92	47.18573	5.641314	48					
T48hr_E01_S241	487	3	0.62	-0.21	3	0.62	0	0	3	5	43.15834	4.410779	48					
T48hr_E02_S242	389	33	8.48	-0.26	23	5.91	1	0.26	23	13	39.38451	2.621512	48					
T48hr_E03_S243	593	125	21.08	-0.17	100	16.86	4	0.67	91	21	37.53544	3.387342	48					
T48hr_E04_S244	503	73	14.51	-0.2	57	11.33	4	0.8	54	29	49.72424	5.67787	48					
T48hr_E05_S245	362	123	33.98	-0.28	99	27.35	79	21.82	36	37	53.65906	6.119697	48					
T48hr_E06_S246	275	102	37.09	-0.36	82	29.82	46	16.73	54	45	64.65254	4.999513	48					
T48hr_E07_S247	684	96	14.04	-0.15	87	12.72	1	0.15	84	53	40.06567	-2.219102	48					
T48hr_E08_S248	388	1	0.26	-0.26	-1	-0.26	-1	-1	-1	61	48.89198	3.804228	48					
T48hr_E09_S249	1	-1	-100	-100	-1	-100	-1	-1	-1	69	57.07387	6.486411	48					
T48hr_E10_S250	775	129	16.65	-0.13	112	14.45	1	0.13	103	77	47.07066	1.891403	48					
T48hr_E11_S251	760	181	23.82	-0.13	168	22.11	2	0.26	157	85	46.66585	3.755423	48					
T48hr_E12_S252	937	337	35.97	-0.11	326	34.79	3	0.32	278	93	36.03383	3.92098	48					
T48hr_F01_S251	0	0	0	0	0	0	0	0	0	6	57.92877	6.619619	48					
T48hr_F02_S254	5	3	60	-20	2	40	0	0	2	14	42.38403	4.378748	48					
T48hr_F03_S255	2141	1697	79.26	-0.05	1264	59.04	32	1.49	813	22	43.53289	4.551555	48					
T48hr_F04_S256	2580	2070	80.23	-0.04	1634	63.33	70	2.71	1006	30	44.78109	5.765738	48					
T48hr_F05_S257	196	66	33.67	-0.51	47	23.98	3	1.53	41	38	35.1177	2.717758	48					
T48hr_F06_S258	1538	1155	75.1	-0.07	853	55.46	24	1.56	600	46	58.94112	6.666063	48					
T48hr_F07_S259	1171	982	83.86	-0.09	812	69.34	12	1.02	580	54	40.17033	4.563576	48					
T48hr_F08_S260	79	65	82.28	-1.27	55	69.62	3	3.8	49	62	71.17261	5.78301	48					
T48hr_F09_S261	10	1	10	-10	1	10	1	10	1	70	46.11545	4.793726	48					
T48hr_F10_S262	6905	5689	82.39	-0.01	4653	67.39	59	0.85	2006	78	47.30843	4.890986	48					
T48hr_F11_S263	9299	7683	82.62	-0.01	6481	69.7	81	0.87	2367	86	53.62635	5.769087	48					
T48hr_F12_S264	8637	6456	74.75	-0.01	5359	62.05	71	0.82	2058	94	40.62211	4.595843	48					
T48hr_G01_S265	248	94	37.9	-0.4	70	28.23	0	0	64	7	51.77535	5.521932	48					
T48hr_G02_S266	228375	177243	77.61	0	139369	61.03	1086	0.48	4466	15	-9999999	-9999999	48					
T48hr_G03_S267	972367	769856	79.17	0	562500	57.85	16635	1.71	5443	23	47.7611	3.820597	48					
T48hr_G04_S268	593808	474455	79.9	0	367797	61.94	16984	2.86	5724	31	50.8261	5.887266	48					
T48hr_G05_S269	82	5	6.1	-1.22	2	2.44	0	0	2	39	61.67957	5.53762	48					
T48hr_G06_S270	450325	318923	70.82	0	223585	49.65	4698	1.04	4337	47	-9999999	-9999999	48					
T48hr_G07_S271	878751	711352	80.95	0	572698	65.17	7258	0.83	5954	55	65.35843	5.748403	48					
T48hr_G08_S272	67	-1	-1.49	-1.49	-1	-1.49	-1	-1	-1	63	67.43178	5.669338	48					
T48hr_G09_S273	73	1	1.37	-1.37	-1	-1.37	-1	-1	-1	71	57.57507	5.599549	48					
T48hr_G10_S274	873799	707107	80.92	0	561959	64.31	6824	0.78	5796	79	47.25568	3.637427	48					
T48hr_G11_S275	1460837	1159377	79.36	0	929761	63.65	12169	0.83	5526	87	46.58788	4.599092	48					
T48hr_G12_S276	781943	547530	70.02	0	426800	54.58	5811	0.74	4340	95	36.85059	3.505387	48					
T48hr_H01_S277	2199	403	18.33	-0.05	342	15.55	2	0.09	248	8	57.15086	4.17443	48					
T48hr_H02_S278	3894004	3044060	78.17	0	2486802	63.86	17731	0.46	5556	16	59.6148	8.289815	48					
T48hr_H03_S279	3570693	2822460	79.05	0	2167730	60.71	74393	2.08	6162	24	44.27082	3.613141	48					
T48hr_H04_S280	3241715	1857615	57.3	0	1211892	37.38	186412	5.75	4339	32	47.82777	5.09368	48					
T48hr_H05_S281	114157	9993	8.75	0	7025	6.15	792	0.69	1767	40	38.87046	2.817445	48					
T48hr_H06_S282	3251	611	18.79	-0.03	471	14.49	11	0.34	323	48	-9999999	-9999999	48					
T48hr_H07_S283	2105	210	9.98	-0.05	142	6.75	12	0.57	111	56	45.47702	3.976252	48					
T48hr_H08_S284	4064	230	5.66	-0.02	123	3.03	13	0.32	88	64	46.45221	4.656236	48					
T48hr_H09_S285	5262	203	3.86	-0.02	26	0.49	1	0.02	25	72	-9999999	-9999999	48					
T48hr_H10_S286	3644637	2260484	62.02	0	1690522	46.38	32509	0.89	4689	80	29.39291	-0.02246259	48					
T48hr_H11_S287	3043312	2473096	81.26	0	2013835	66.17	20795	0.68	6088	88	65.98362	7.004811	48					
T48hr_H12_S288	2599	256	9.85	-0.04	147	5.66	1	0.04	111	96	35.06742	2.723443	48					
