sample	fastq_frag_count	genome_mapped	tophat_genome_mapped	star_genome_mapped	trans_mapped	trans_mapped	rRNA_count	rRNA	gene_count	tube	mass	mar
GBMUT_A01_S97	317955	180391	56.73	0	59673	18.77	39784	12.51	4981	1	54.50544	1.744243
GBMUT_A02_S98	434132	271264	62.48	0	108234	24.93	68978	15.89	6954	9	64.09019	3.080611
GBMUT_A03_S99	483007	327531	67.81	0	143392	29.69	84162	17.42	7589	17	71.89162	3.657524
GBMUT_A04_S100	357771	244661	68.38	0	116379	32.53	67241	18.79	7188	25	75.18498	1.440027
GBMUT_A05_S101	214291	111051	51.82	0	39555	18.46	19774	9.23	4628	33	56.85854	1.170588
GBMUT_A06_S102	683470	477423	69.85	0	218093	31.91	128039	18.73	8476	41	84.80994	1.852646
GBMUT_A07_S103	558870	393507	70.41	0	185162	33.13	101454	18.15	5881	49	42.56497	1.200628
GBMUT_A08_S104	1699761	1057707	62.23	0	587249	34.55	132572	7.8	5236	57	76.94303	3.33881
GBMUT_A09_S105	432577	263315	60.87	0	108078	24.98	57304	13.25	6905	65	63.93487	2.761506
GBMUT_A10_S106	695788	468071	67.27	0	210367	30.23	126693	18.21	6720	73	68.858	1.80924
GBMUT_A11_S107	301656	149317	49.5	0	59292	19.66	42252	14.01	3104	81	77.16251	2.770784
GBMUT_A12_S108	552706	371182	67.16	0	173268	31.35	106738	19.31	5947	89	54.99614	1.864271
GBMUT_B01_S109	194919	139367	71.5	0	63005	32.32	30566	15.68	6246	2	63.13156	6.619949
GBMUT_B02_S110	214130	151119	70.57	0	72681	33.94	43526	20.33	6067	10	71.38391	2.995764
GBMUT_B03_S111	87375	65165	74.58	0	32867	37.62	18126	20.75	5398	18	57.33433	1.04435
GBMUT_B04_S112	253981	196322	77.3	0	103833	40.88	50556	19.91	7363	26	101.8953	3.266821
GBMUT_B05_S113	49523	8500	17.16	0	118	0.24	10	0.02	91	34	49.46957	1.712086
GBMUT_B06_S114	166838	108674	65.14	0	48078	28.82	22424	13.44	5542	42	49.98244	0.6599024
GBMUT_B07_S115	394944	239669	60.68	0	126021	31.91	29082	7.36	3816	50	66.83273	1.182043
GBMUT_B08_S116	418997	237304	56.64	0	139729	33.35	50544	12.06	3232	58	49.5077	1.983825
GBMUT_B09_S117	151320	97823	64.65	0	40750	26.93	20046	13.25	4248	66	41.7923	0.09119038
GBMUT_B10_S118	197078	119402	60.59	0	52608	26.69	29920	15.18	5275	74	50.10366	3.423006
GBMUT_B11_S119	215125	150876	70.13	0	75846	35.26	37090	17.24	5992	82	60.80339	0.3301749
GBMUT_B12_S120	137264	81477	59.36	0	46322	33.75	22016	16.04	3691	90	59.48825	1.788685
GBMUT_C01_S121	320726	210124	65.52	0	80372	25.06	47429	14.79	6232	3	42.08511	2.544724
GBMUT_C02_S122	3969675	3063854	77.18	0	1564308	39.41	748615	18.86	7794	11	72.16494	0.992116
GBMUT_C03_S123	283680	194762	68.66	0	88270	31.12	45372	15.99	6297	19	48.78094	0.00715212
GBMUT_C04_S124	387805	274061	70.67	0	132939	34.28	59171	15.26	7259	27	73.57529	1.472459
GBMUT_C05_S125	312878	174591	55.8	0	87317	27.91	45600	14.57	3789	35	40.08712	1.625011
GBMUT_C06_S126	319710	200585	62.74	0	96801	30.28	61231	19.15	5670	43	56.90777	1.30665
GBMUT_C07_S127	291511	191496	65.69	0	83518	28.65	43972	15.08	6363	51	57.29656	1.802779
GBMUT_C08_S128	1114383	391859	35.16	0	192761	17.3	52207	4.68	2585	59	64.6457	3.484399
GBMUT_C09_S129	318190	197411	62.04	0	88984	27.97	42232	13.27	5664	67	46.28248	1.319539
GBMUT_C10_S130	997574	770790	77.27	0	378922	37.98	242833	24.34	7537	75	85.52463	4.725676
GBMUT_C11_S131	494579	344670	69.69	0	156629	31.67	86777	17.55	6202	83	46.40368	1.992933
GBMUT_C12_S132	353907	199577	56.39	0	100420	28.37	51726	14.62	6016	91	88.43367	1.318307
GBMUT_D01_S133	346341	242996	70.16	0	112239	32.41	59977	17.32	6721	4	54.3904	1.276059
GBMUT_D02_S134	880500	663441	75.35	0	347678	39.49	210595	23.92	7035	12	59.09277	0.8942176
GBMUT_D03_S135	320933	193952	60.43	0	90793	28.29	53488	16.67	5783	20	46.43209	0.5644085
GBMUT_D04_S136	411154	307449	74.78	0	154139	37.49	96527	23.48	6545	28	50.65256	5.263788
GBMUT_D05_S137	254871	154715	60.7	0	70277	27.57	55538	21.79	5192	36	-999999	-999999
GBMUT_D06_S138	490405	356893	72.78	0	164446	33.53	76501	15.6	7929	44	90.35584	2.210902
GBMUT_D07_S139	32075	18405	57.38	0	13038	40.65	935	2.92	901	52	63.59887	2.628127
GBMUT_D08_S140	276979	178128	64.31	0	80038	28.9	42833	15.46	6331	60	53.39592	1.537318
GBMUT_D09_S141	261046	167552	64.18	0	76556	29.33	35124	13.46	6269	68	61.01671	1.878747
GBMUT_D10_S142	429408	302784	70.51	0	151760	35.34	107207	24.97	7284	76	108.3623	2.978025
GBMUT_D11_S143	767532	559835	72.94	0	305034	39.74	142148	18.52	5678	84	44.93727	1.729195
GBMUT_D12_S144	81660	36812	45.08	0	22558	27.62	7808	9.56	1729	92	45.54135	0.9854838
GBMUT_E01_S145	375654	287034	76.41	0	149122	39.7	75086	19.99	7393	5	64.17624	2.289286
GBMUT_E02_S146	1354194	999923	73.84	0	590901	43.63	186739	13.79	7043	13	58.75696	0.9664096
GBMUT_E03_S147	23187	15718	67.79	0	10105	43.58	5134	22.14	3178	21	51.11846	0.529375
GBMUT_E04_S148	427442	273796	64.05	0	124534	29.13	61793	14.46	6770	29	48.17495	1.436362
GBMUT_E05_S149	179757	121068	67.35	0	50562	28.13	24632	13.7	6007	37	-999999	-999999
GBMUT_E06_S150	386782	282022	72.91	0	147701	38.19	69334	17.93	7635	45	90.3771	2.744126
GBMUT_E07_S151	1211	374	30.88	-0.08	42	3.47	4	0.33	39	53	43.41258	1.000223
GBMUT_E08_S152	674147	513036	76.1	0	264030	39.17	139455	20.69	6914	61	56.91235	1.798668
GBMUT_E09_S153	236306	156805	66.36	0	72790	30.8	31146	13.18	6495	69	-999999	-999999
GBMUT_E10_S154	763072	494314	64.78	0	260678	34.16	113136	14.83	6447	77	88.77355	1.901987
GBMUT_E11_S155	985252	746467	75.76	0	377675	38.33	199716	20.27	10227	85	69.25779	2.190635
GBMUT_E12_S156	351064	223655	63.71	0	115695	32.96	50345	14.34	5566	93	57.90214	1.877632
GBMUT_F01_S157	277965	199781	71.87	0	87114	31.34	48751	17.54	6306	6	36.15437	1.186659
GBMUT_F02_S158	409767	281644	68.73	0	169689	41.41	57640	14.07	7054	14	52.89186	0.3026208
GBMUT_F03_S159	4876618	3490224	71.57	0	1982813	40.66	610353	12.52	6493	22	30.19474	-1.20512
GBMUT_F04_S160	207578	138289	66.62	0	58343	28.11	31867	15.35	5176	30	82.24721	2.722652
GBMUT_F05_S161	580311	456528	78.67	0	222770	38.39	97167	16.74	7585	38	63.30611	0.7017971
GBMUT_F06_S162	228368	146254	64.04	0	45421	19.89	12982	5.68	5176	46	49.70477	0.4245052
GBMUT_F07_S163	3263951	1835552	56.24	0	1173540	35.95	131086	4.02	6083	54	44.67833	0.7742518
GBMUT_F08_S164	264987	190278	71.81	0	92527	34.92	41081	15.5	6664	62	59.60482	1.84414
GBMUT_F09_S165	275210	187945	68.29	0	86455	31.41	34358	12.48	6413	70	73.62925	2.79212
GBMUT_F10_S166	222656	136348	61.24	0	71379	32.06	33085	14.86	4508	78	38.74839	1.272384
GBMUT_F11_S167	4292585	3567014	83.1	0	2027126	47.22	613968	14.3	8578	86	68.88515	1.755415
GBMUT_F12_S168	92236	31066	33.68	0	11073	12.01	6099	6.61	1669	94	-999999	-999999
GBMUT_G01_S169	734673	554008	75.41	0	229538	31.24	120663	16.42	6757	7	44.84439	0.1800206
GBMUT_G02_S170	976690	720561	73.78	0	316580	32.41	166031	17	7269	15	103.8038	4.417616
GBMUT_G03_S171	406882	229783	56.47	0	133207	32.74	37858	9.3	4815	23	30.03714	0.6009193
GBMUT_G04_S172	983093	728834	74.14	0	338141	34.4	199032	20.25	8372	31	49.33742	1.085027
GBMUT_G05_S173	714962	530170	74.15	0	246169	34.43	127632	17.85	7695	39	53.80827	1.315104
GBMUT_G06_S174	501161	333128	66.47	0	176019	35.12	115507	23.05	4600	47	41.31702	1.350999
GBMUT_G07_S175	1764069	1404743	79.63	0	654758	37.12	357110	20.24	6966	55	47.73525	0.6972224
GBMUT_G08_S176	4010346	2990809	74.58	0	1556279	38.81	721358	17.99	7378	63	56.5121	3.530269
GBMUT_G09_S177	786428	562102	71.48	0	267831	34.06	145547	18.51	8229	71	50.1785	1.485249
GBMUT_G10_S178	672938	437207	64.97	0	182494	27.12	96911	14.4	5064	79	50.10956	1.502128
GBMUT_G11_S179	31744	20637	65.01	0	10515	33.12	7172	22.59	2501	87	73.3056	2.868767
GBMUT_G12_S180	645278	386830	59.95	0	189100	29.31	40899	6.34	4531	95	64.90461	2.645187
GBMUT_H01_S181	26581	16893	63.55	0	9625	36.21	4714	17.73	2682	8	40.3721	0.7857171
GBMUT_H02_S182	8272	4574	55.29	-0.01	2374	28.7	1215	14.69	1330	16	91.20864	0.4251693
GBMUT_H03_S183	10384	5680	54.7	-0.01	3571	34.39	1507	14.51	1309	24	15.00969	0.4177949
GBMUT_H04_S184	511	224	43.84	-0.2	40	7.83	40	7.83	37	32	54.51444	0.8751484
GBMUT_H05_S185	412	202	49.03	-0.24	45	10.92	41	9.95	39	40	40.65353	0.4763348
GBMUT_H06_S186	67560	38893	57.57	0	3329	4.93	5451	8.07	985	48	40.99138	1.18506
GBMUT_H07_S187	521	228	43.76	-0.19	85	16.31	17	3.26	77	56	49.66568	0.3452163
GBMUT_H08_S188	517	110	21.28	-0.19	11	2.13	11	2.13	11	64	-999999	-999999
GBMUT_H09_S189	1442	472	32.73	-0.07	122	8.46	77	5.34	110	72	57.16031	2.010411
GBMUT_H10_S190	26310	16374	62.23	0	9416	35.79	4172	15.86	2383	80	52.48891	1.567719
GBMUT_H11_S191	173265	111780	64.51	0	91881	53.03	10063	5.81	3083	88	59.10647	0.7718077
GBMUT_H12_S192	1532	487	31.79	-0.07	263	17.17	89	5.81	185	96	49.44356	0.4204014
