sample	fastq_frag_count	tophat_genome_mapped	tophat_genome_mapped	star_genome_mapped	star_genome_mapped	trans_mapped	trans_mapped	custom_trans_mapped	custom_trans_mapped	rRNA_count	rRNA	gene_count	custom_gene_count	mass	mar	sample	day
FL51a_A01_S1	788690	687612	87.18	-1	0	553278	70.15	-1	0	96599	12.25	6450	-1	40.4419	2.82751	0	1
FL51a_A02_S2	960869	871436	90.69	-1	0	664108	69.12	-1	0	124676	12.98	7097	-1	47.50915	4.1986	0	1
FL51a_A03_S3	558926	444594	79.54	-1	0	305910	54.73	-1	0	35572	6.36	7456	-1	53.21832	3.895883	0	1
FL51a_A04_S4	634447	583079	91.9	-1	0	432637	68.19	-1	0	67662	10.66	7593	-1	67.69045	2.881468	0	1
FL51a_A05_S5	1101227	1025838	93.15	-1	0	740777	67.27	-1	0	132881	12.07	8478	-1	-999999	-999999	0	1
FL51a_A06_S6	1890634	1733296	91.68	-1	0	1307828	69.17	-1	0	240284	12.71	8134	-1	64.96811	5.148797	0	1
FL51a_A07_S7	2001282	1835638	91.72	-1	0	1319971	65.96	-1	0	87737	4.38	6880	-1	53.023	-1.243431	0	1
FL51a_A08_S8	2694217	2536874	94.16	-1	0	1972607	73.22	-1	0	327541	12.16	9056	-1	-999999	-999999	0	1
FL51a_A09_S9	778020	714567	91.84	-1	0	528033	67.87	-1	0	87067	11.19	6333	-1	50.65092	4.204076	0	1
FL51a_A10_S10	1596061	1471325	92.18	-1	0	1073917	67.29	-1	0	173558	10.87	8607	-1	92.2073	7.679277	0	1
FL51a_A11_S11	1247881	1151487	92.28	-1	0	808157	64.76	-1	0	100582	8.06	8401	-1	65.83135	4.188604	0	1
FL51a_A12_S12	1450801	1352385	93.22	-1	0	1025637	70.69	-1	0	75702	5.22	7641	-1	51.1953	3.51399	0	1
FL51a_B01_S13	669224	612994	91.6	-1	0	427728	63.91	-1	0	61086	9.13	6902	-1	49.63858	3.934606	0	1
FL51a_B02_S14	572441	523444	91.44	-1	0	366476	64.02	-1	0	55130	9.63	7221	-1	62.76347	4.875116	0	1
FL51a_B03_S15	302508	276972	91.56	-1	0	190626	63.02	-1	0	23398	7.73	6573	-1	54.36577	3.970934	0	1
FL51a_B04_S16	442459	407365	92.07	-1	0	279112	63.08	-1	0	34734	7.85	7167	-1	57.53688	4.17054	0	1
FL51a_B05_S17	503382	469312	93.23	-1	0	330428	65.64	-1	0	36989	7.35	8385	-1	-999999	-999999	0	1
FL51a_B06_S18	482458	442898	91.8	-1	0	304983	63.21	-1	0	42223	8.75	6625	-1	51.53884	2.680008	0	1
FL51a_B07_S19	1067240	998070	93.52	-1	0	753611	70.61	-1	0	94758	8.88	7679	-1	85.10693	6.401813	0	1
FL51a_B08_S20	21378	16237	75.95	-1	0	9483	44.36	-1	0	279	1.31	584	-1	53.36335	3.01445	0	1
FL51a_B09_S21	918593	856246	93.21	-1	0	654125	71.21	-1	0	97101	10.57	5845	-1	42.15453	3.196737	0	1
FL51a_B10_S22	393221	356237	90.59	-1	0	254226	64.65	-1	0	40695	10.35	6189	-1	41.44894	3.030841	0	1
FL51a_B11_S23	639429	590188	92.3	-1	0	399668	62.5	-1	0	53642	8.39	7555	-1	89.44941	2.952342	0	1
FL51a_B12_S24	805892	750053	93.07	-1	0	560594	69.56	-1	0	98396	12.21	5461	-1	39.24189	1.175362	0	1
FL51a_C01_S25	724914	616331	85.02	-1	0	398691	55	-1	0	7224	1	1526	-1	44.36751	2.989082	0	1
FL51a_C02_S26	550719	502331	91.21	-1	0	356385	64.71	-1	0	68194	12.38	6172	-1	44.23059	4.092252	0	1
FL51a_C03_S27	62581	55337	88.42	-1	0	36344	58.08	-1	0	8106	12.95	5108	-1	46.31589	3.452505	0	1
FL51a_C04_S28	897693	826018	92.02	-1	0	599264	66.76	-1	0	152084	16.94	6989	-1	58.66574	3.411604	0	1
FL51a_C05_S29	526533	487479	92.58	-1	0	337826	64.16	-1	0	71476	13.57	7988	-1	113.4584	6.076429	0	1
FL51a_C06_S30	248077	226927	91.47	-1	0	157672	63.56	-1	0	34202	13.79	6772	-1	62.47143	4.256069	0	1
FL51a_C07_S31	161132	146069	90.65	-1	0	99427	61.71	-1	0	21308	13.22	6269	-1	54.83983	1.792039	0	1
FL51a_C08_S32	634495	591690	93.25	-1	0	464597	73.22	-1	0	61029	9.62	5379	-1	49.85323	4.312077	0	1
FL51a_C09_S33	164472	132955	80.84	-1	0	81836	49.76	-1	0	1890	1.15	958	-1	45.99435	3.744077	0	1
FL51a_C10_S34	375967	344512	91.63	-1	0	247777	65.9	-1	0	44180	11.75	7633	-1	38.7562	1.3238	0	1
FL51a_C11_S35	678063	625810	92.29	-1	0	478455	70.56	-1	0	50149	7.4	5754	-1	66.12307	5.136409	0	1
FL51a_C12_S36	50188	44477	88.62	-1	0	30045	59.86	-1	0	5003	9.97	4762	-1	45.11057	3.222124	0	1
FL51a_D01_S37	712918	663757	93.1	-1	0	462758	64.91	-1	0	77894	10.93	7597	-1	-999999	-999999	0	1
FL51a_D02_S38	975288	911445	93.45	-1	0	666371	68.33	-1	0	117677	12.07	7685	-1	87.60745	7.693669	0	1
FL51a_D03_S39	455284	420146	92.28	-1	0	286008	62.82	-1	0	40843	8.97	6467	-1	42.64627	2.264397	0	1
FL51a_D04_S40	436997	401668	91.92	-1	0	270673	61.94	-1	0	41326	9.46	6053	-1	39.6447	1.862505	0	1
FL51a_D05_S41	349680	323664	92.56	-1	0	215172	61.53	-1	0	25586	7.32	6299	-1	43.01595	3.132403	0	1
FL51a_D06_S42	290569	258555	88.98	-1	0	187757	64.62	-1	0	21711	7.47	7201	-1	72.43286	3.862792	0	1
FL51a_D07_S43	412218	377279	91.52	-1	0	263279	63.87	-1	0	35234	8.55	6413	-1	37.9834	2.201464	0	1
FL51a_D08_S44	994097	884805	89.01	-1	0	654873	65.88	-1	0	15188	1.53	3722	-1	37.47215	2.599568	0	1
FL51a_D09_S45	1347124	1262417	93.71	-1	0	965173	71.65	-1	0	129113	9.58	6582	-1	74.09242	4.743043	0	1
FL51a_D10_S46	819843	762653	93.02	-1	0	580534	70.81	-1	0	108933	13.29	6459	-1	47.14368	3.597948	0	1
FL51a_D11_S47	482215	449151	93.14	-1	0	325143	67.43	-1	0	45844	9.51	8082	-1	111.904	8.200531	0	1
FL51a_D12_S48	900458	844560	93.79	-1	0	659485	73.24	-1	0	120333	13.36	8026	-1	-999999	-999999	0	1
FL51a_E01_S49	381404	351498	92.16	-1	0	239400	62.77	-1	0	26070	6.84	6618	-1	41.41306	2.262199	0	1
FL51a_E02_S50	582108	536153	92.11	-1	0	386159	66.34	-1	0	59671	10.25	6536	-1	38.25471	2.807036	0	1
FL51a_E03_S51	1274794	1197329	93.92	-1	0	944874	74.12	-1	0	139672	10.96	6816	-1	64.03696	4.173015	0	1
FL51a_E04_S52	772894	618877	80.07	-1	0	422987	54.73	-1	0	79220	10.25	6622	-1	54.26071	3.347585	0	1
FL51a_E05_S53	94880	85079	89.67	-1	0	57612	60.72	-1	0	7394	7.79	5611	-1	46.97783	3.312532	0	1
FL51a_E06_S54	1570950	1445399	92.01	-1	0	1104492	70.31	-1	0	63558	4.05	4662	-1	68.11351	-0.2832987	0	1
FL51a_E07_S55	633215	589828	93.15	-1	0	411029	64.91	-1	0	54403	8.59	8157	-1	-999999	-999999	0	1
FL51a_E08_S56	509449	463493	90.98	-1	0	334422	65.64	-1	0	49377	9.69	6665	-1	44.39188	3.485622	0	1
FL51a_E09_S57	799745	739477	92.46	-1	0	549491	68.71	-1	0	98462	12.31	7373	-1	62.50899	5.179855	0	1
FL51a_E10_S58	627143	579593	92.42	-1	0	440916	70.31	-1	0	89010	14.19	6627	-1	45.9928	2.811708	0	1
FL51a_E11_S59	727753	675012	92.75	-1	0	472918	64.98	-1	0	75904	10.43	7852	-1	109.707	5.080326	0	1
FL51a_E12_S60	762781	703965	92.29	-1	0	521144	68.32	-1	0	76909	10.08	8162	-1	-999999	-999999	0	1
FL51a_F01_S61	457620	423810	92.61	-1	0	299222	65.39	-1	0	38923	8.51	7093	-1	59.53304	4.425438	0	1
FL51a_F02_S62	1132920	1054763	93.1	-1	0	789896	69.72	-1	0	126771	11.19	7167	-1	56.49436	3.805984	0	1
FL51a_F03_S63	1573457	1466953	93.23	-1	0	1145145	72.78	-1	0	34980	2.22	5207	-1	-999999	-999999	0	1
FL51a_F04_S64	993114	929368	93.58	-1	0	690286	69.51	-1	0	88871	8.95	7638	-1	64.8289	3.881046	0	1
FL51a_F05_S65	593684	548499	92.39	-1	0	369196	62.19	-1	0	45425	7.65	7155	-1	-999999	-999999	0	1
FL51a_F06_S66	542462	171613	31.64	-1	0	116998	21.57	-1	0	16675	3.07	5647	-1	36.03935	3.242332	0	1
FL51a_F07_S67	1335260	1256240	94.08	-1	0	894737	67.01	-1	0	99302	7.44	8951	-1	-999999	-999999	0	1
FL51a_F08_S68	1004815	937527	93.3	-1	0	713666	71.02	-1	0	96306	9.58	6798	-1	47.93077	3.740511	0	1
FL51a_F09_S69	1214466	1135777	93.52	-1	0	902923	74.35	-1	0	132193	10.88	6158	-1	52.46005	5.379994	0	1
FL51a_F10_S70	954860	893554	93.58	-1	0	666943	69.85	-1	0	94898	9.94	7606	-1	68.33759	4.880492	0	1
FL51a_F11_S71	730078	679592	93.08	-1	0	471765	64.62	-1	0	59386	8.13	7038	-1	54.00937	3.051532	0	1
FL51a_F12_S72	869004	807541	92.93	-1	0	590859	67.99	-1	0	66563	7.66	6355	-1	38.51629	2.192387	0	1
FL51a_G01_S73	149	94	63.09	-1	-0.67	14	9.4	-1	-0.67	8	5.37	14	-1	43.6855	2.353794	0	1
FL51a_G02_S74	230	138	60	-1	-0.43	14	6.09	-1	-0.43	9	3.91	13	-1	38.14534	2.949821	0	1
FL51a_G03_S75	416	288	69.23	-1	-0.24	46	11.06	-1	-0.24	23	5.53	38	-1	51.51677	4.345575	0	1
FL51a_G04_S76	287	170	59.23	-1	-0.35	16	5.57	-1	-0.35	15	5.23	16	-1	40.89707	2.8504	0	1
FL51a_G05_S77	59	33	55.93	-1	-1.69	3	5.08	-1	-1.69	1	1.69	3	-1	34.44112	0.2636292	0	1
FL51a_G06_S78	545	367	67.34	-1	-0.18	47	8.62	-1	-0.18	11	2.02	41	-1	46.60482	3.728063	0	1
FL51a_G07_S79	263	177	67.3	-1	-0.38	21	7.98	-1	-0.38	8	3.04	21	-1	48.00727	3.961069	0	1
FL51a_G08_S80	196	119	60.71	-1	-0.51	12	6.12	-1	-0.51	7	3.57	12	-1	-999999	-999999	0	1
FL51a_G09_S81	344	227	65.99	-1	-0.29	28	8.14	-1	-0.29	23	6.69	25	-1	42.50483	3.855197	0	1
FL51a_G10_S82	249	158	63.45	-1	-0.4	11	4.42	-1	-0.4	21	8.43	9	-1	49.03162	2.579389	0	1
FL51a_G11_S83	482	222	46.06	-1	-0.21	17	3.53	-1	-0.21	11	2.28	16	-1	52.3289	4.569933	0	1
FL51a_G12_S84	329	190	57.75	-1	-0.3	17	5.17	-1	-0.3	20	6.08	16	-1	69.06131	5.21796	0	1
FL51a_H01_S85	420163	378465	90.08	-1	0	268908	64	-1	0	30414	7.24	6405	-1	45.79952	4.392748	0	1
FL51a_H02_S86	441506	402902	91.26	-1	0	297195	67.31	-1	0	46095	10.44	5911	-1	39.83378	3.073699	0	1
FL51a_H03_S87	440790	402117	91.23	-1	0	294023	66.7	-1	0	43536	9.88	6262	-1	41.79619	2.662315	0	1
FL51a_H04_S88	41	20	48.78	-1	-2.44	11	26.83	-1	-2.44	6	14.63	9	-1	47.94222	3.239323	0	1
FL51a_H05_S89	294387	268105	91.07	-1	0	187877	63.82	-1	0	25417	8.63	5928	-1	46.3451	1.733702	0	1
FL51a_H06_S90	785827	720475	91.68	-1	0	543133	69.12	-1	0	82755	10.53	5989	-1	45.37527	3.73523	0	1
FL51a_H07_S91	1000763	939987	93.93	-1	0	710666	71.01	-1	0	122604	12.25	7311	-1	71.89924	5.194592	0	1
FL51a_H08_S92	899906	846871	94.11	-1	0	630209	70.03	-1	0	77303	8.59	8098	-1	-999999	-999999	0	1
FL51a_H09_S93	793653	741224	93.39	-1	0	554046	69.81	-1	0	78651	9.91	6961	-1	65.64157	5.163271	0	1
FL51a_H10_S94	594527	548263	92.22	-1	0	396631	66.71	-1	0	54730	9.21	6419	-1	44.22476	4.116897	0	1
FL51a_H11_S95	877550	816920	93.09	-1	0	637685	72.67	-1	0	84142	9.59	5675	-1	57.25223	3.977938	0	1
FL51a_H12_S96	1681368	1572158	93.5	-1	0	1215193	72.27	-1	0	57828	3.44	4052	-1	39.21954	3.062284	0	1
FL51b_A01_S97	769073	713306	92.75	-1	0	493065	64.11	-1	0	58628	7.62	9082	-1	-999999	-999999	0	1
FL51b_A02_S98	928192	838345	90.32	-1	0	574752	61.92	-1	0	101885	10.98	6604	-1	49.14713	3.389935	0	1
FL51b_A03_S99	360969	324578	89.92	-1	0	212599	58.9	-1	0	33195	9.2	6408	-1	56.6893	4.611414	0	1
FL51b_A04_S100	529367	485242	91.66	-1	0	321451	60.72	-1	0	50857	9.61	7837	-1	-999999	-999999	0	1
FL51b_A05_S101	499991	464029	92.81	-1	0	320167	64.03	-1	0	45536	9.11	8263	-1	79.7973	3.844757	0	1
FL51b_A06_S102	719302	669129	93.02	-1	0	441378	61.36	-1	0	59640	8.29	9225	-1	135.6686	5.013607	0	1
FL51b_A07_S103	691535	642499	92.91	-1	0	429778	62.15	-1	0	60309	8.72	8660	-1	34.92877	1.149301	0	1
FL51b_A08_S104	265184	237748	89.65	-1	0	159321	60.08	-1	0	21374	8.06	6150	-1	-999999	-999999	0	1
FL51b_A09_S105	348804	306768	87.95	-1	0	202351	58.01	-1	0	25297	7.25	6401	-1	44.62754	4.154472	0	1
FL51b_A10_S106	194255	171525	88.3	-1	0	109300	56.27	-1	0	14804	7.62	5611	-1	50.25824	-0.07600517	0	1
FL51b_A11_S107	385097	347433	90.22	-1	0	221004	57.39	-1	0	32439	8.42	6907	-1	35.21259	2.205333	0	1
FL51b_A12_S108	378627	333122	87.98	-1	0	243572	64.33	-1	0	10891	2.88	3674	-1	78.78471	3.358685	0	1
FL51b_B01_S109	833759	769218	92.26	-1	0	593439	71.18	-1	0	26630	3.19	6231	-1	-999999	-999999	0	1
FL51b_B02_S110	1001714	914391	91.28	-1	0	640847	63.98	-1	0	111858	11.17	7755	-1	96.93027	6.623733	0	1
FL51b_B03_S111	391623	360989	92.18	-1	0	250576	63.98	-1	0	40900	10.44	7226	-1	74.92155	4.377108	0	1
FL51b_B04_S112	748421	701265	93.7	-1	0	498193	66.57	-1	0	56700	7.58	8901	-1	-999999	-999999	0	1
FL51b_B05_S113	241714	220805	91.35	-1	0	153719	63.6	-1	0	20129	8.33	6504	-1	44.88521	2.487719	0	1
FL51b_B06_S114	745603	695596	93.29	-1	0	480359	64.43	-1	0	64716	8.68	8546	-1	55.48257	3.501006	0	1
FL51b_B07_S115	770699	714359	92.69	-1	0	489687	63.54	-1	0	64232	8.33	7693	-1	49.56258	3.359234	0	1
FL51b_B08_S116	1324018	1235594	93.32	-1	0	898078	67.83	-1	0	133523	10.08	7986	-1	73.55101	3.0089	0	1
FL51b_B09_S117	961893	895744	93.12	-1	0	591748	61.52	-1	0	82373	8.56	7086	-1	99.29097	8.425206	0	1
FL51b_B10_S118	1296721	1217923	93.92	-1	0	883002	68.09	-1	0	117999	9.1	7422	-1	55.17838	3.241176	0	1
FL51b_B11_S119	1187093	1104687	93.06	-1	0	742901	62.58	-1	0	103822	8.75	7296	-1	56.72338	3.895546	0	1
FL51b_B12_S120	561817	436680	77.73	-1	0	21146	3.76	-1	0	2839	0.51	918	-1	60.11076	3.563083	0	1
FL51b_C01_S121	806949	722973	89.59	-1	0	402022	49.82	-1	0	158386	19.63	3524	-1	-999999	-999999	0	1
FL51b_C02_S122	1098991	1023857	93.16	-1	0	724193	65.9	-1	0	135567	12.34	7193	-1	53.14695	3.129035	0	1
FL51b_C03_S123	1114057	1039185	93.28	-1	0	760837	68.29	-1	0	147342	13.23	8092	-1	-999999	-999999	0	1
FL51b_C04_S124	820210	762883	93.01	-1	0	541274	65.99	-1	0	112425	13.71	7764	-1	74.63362	5.03729	0	1
FL51b_C05_S125	964928	888748	92.11	-1	0	604662	62.66	-1	0	157762	16.35	6698	-1	46.63943	3.514963	0	1
FL51b_C06_S126	943411	883185	93.62	-1	0	604816	64.11	-1	0	121125	12.84	8426	-1	43.6353	1.798251	0	1
FL51b_C07_S127	547782	501238	91.5	-1	0	333395	60.86	-1	0	80350	14.67	5893	-1	61.9792	2.849764	0	1
FL51b_C08_S128	903544	836765	92.61	-1	0	611916	67.72	-1	0	105754	11.7	8244	-1	32.56967	-0.009289728	0	1
FL51b_C09_S129	492097	453034	92.06	-1	0	328873	66.83	-1	0	65271	13.26	7574	-1	127.0187	0.5731532	0	1
FL51b_C10_S130	117015	103853	88.75	-1	0	67303	57.52	-1	0	13723	11.73	5119	-1	106.9167	7.514306	0	1
FL51b_C11_S131	271543	244106	89.9	-1	0	158932	58.53	-1	0	34952	12.87	6365	-1	39.47894	2.140978	0	1
FL51b_C12_S132	88079	72003	81.75	-1	0	45707	51.89	-1	0	10976	12.46	4363	-1	67.0482	3.047045	0	1
FL51b_D01_S133	595572	549267	92.23	-1	0	382592	64.24	-1	0	57977	9.73	7864	-1	59.6223	3.380798	0	1
FL51b_D02_S134	336932	307959	91.4	-1	0	211258	62.7	-1	0	22514	6.68	7196	-1	72.55081	4.10399	0	1
FL51b_D03_S135	340184	309308	90.92	-1	0	212483	62.46	-1	0	23806	7	7238	-1	71.85372	5.116295	0	1
FL51b_D04_S136	474761	436393	91.92	-1	0	301921	63.59	-1	0	40918	8.62	6922	-1	58.66653	2.737687	0	1
FL51b_D05_S137	344495	317723	92.23	-1	0	224635	65.21	-1	0	22403	6.5	7404	-1	81.84593	6.006279	0	1
FL51b_D06_S138	781607	710449	90.9	-1	0	503731	64.45	-1	0	58358	7.47	9030	-1	-999999	-999999	0	1
FL51b_D07_S139	343663	310356	90.31	-1	0	204980	59.65	-1	0	22645	6.59	6243	-1	53.07626	4.472724	0	1
FL51b_D08_S140	649446	594749	91.58	-1	0	420150	64.69	-1	0	50145	7.72	7321	-1	47.87158	3.697517	0	1
FL51b_D09_S141	970564	897695	92.49	-1	0	689603	71.05	-1	0	79410	8.18	7210	-1	60.7306	4.612707	0	1
FL51b_D10_S142	662290	606664	91.6	-1	0	406029	61.31	-1	0	49991	7.55	6655	-1	61.64721	3.907729	0	1
FL51b_D11_S143	1240650	1159660	93.47	-1	0	788237	63.53	-1	0	72900	5.88	7347	-1	43.15971	1.700125	0	1
FL51b_D12_S144	659385	604752	91.71	-1	0	426406	64.67	-1	0	66336	10.06	7048	-1	56.65607	3.160615	0	1
FL51b_E01_S145	406901	369953	90.92	-1	0	258763	63.59	-1	0	32008	7.87	6775	-1	46.38972	3.24192	0	1
FL51b_E02_S146	449708	412310	91.68	-1	0	268989	59.81	-1	0	29384	6.53	6524	-1	55.195	1.919179	0	1
FL51b_E03_S147	615164	563840	91.66	-1	0	376991	61.28	-1	0	43953	7.14	7897	-1	87.5944	5.537781	0	1
FL51b_E04_S148	692143	628896	90.86	-1	0	431788	62.38	-1	0	53329	7.7	7181	-1	53.46792	4.906794	0	1
FL51b_E05_S149	375654	342165	91.09	-1	0	226895	60.4	-1	0	31110	8.28	6553	-1	-999999	-999999	0	1
FL51b_E06_S150	869930	805349	92.58	-1	0	555802	63.89	-1	0	56905	6.54	9054	-1	-999999	-999999	0	1
FL51b_E07_S151	486083	439700	90.46	-1	0	289333	59.52	-1	0	36144	7.44	6465	-1	99.16877	7.566712	0	1
FL51b_E08_S152	771968	705106	91.34	-1	0	550935	71.37	-1	0	69759	9.04	6642	-1	45.40979	0.7414338	0	1
FL51b_E09_S153	583678	537086	92.02	-1	0	365973	62.7	-1	0	43875	7.52	7740	-1	54.80562	3.429657	0	1
FL51b_E10_S154	497685	456493	91.72	-1	0	314536	63.2	-1	0	38096	7.65	6970	-1	75.41751	3.064579	0	1
FL51b_E11_S155	575423	529448	92.01	-1	0	361747	62.87	-1	0	39896	6.93	7691	-1	50.49469	3.404244	0	1
FL51b_E12_S156	433022	395450	91.32	-1	0	282752	65.3	-1	0	37583	8.68	7547	-1	-999999	-999999	0	1
FL51b_F01_S157	522396	480744	92.03	-1	0	347642	66.55	-1	0	48438	9.27	6894	-1	58.70727	4.877117	0	1
FL51b_F02_S158	1115715	1044087	93.58	-1	0	795518	71.3	-1	0	124315	11.14	8540	-1	139.006	9.903178	0	1
FL51b_F03_S159	401206	361312	90.06	-1	0	232645	57.99	-1	0	26140	6.52	5698	-1	43.85465	1.855145	0	1
FL51b_F04_S160	1017652	953245	93.67	-1	0	691883	67.99	-1	0	61079	6	8424	-1	126.4198	8.875448	0	1
FL51b_F05_S161	509282	475440	93.35	-1	0	330569	64.91	-1	0	33564	6.59	8743	-1	128.4555	8.011394	0	1
FL51b_F06_S162	1032855	950336	92.01	-1	0	670837	64.95	-1	0	70079	6.78	9032	-1	-999999	-999999	0	1
FL51b_F07_S163	524463	477597	91.06	-1	0	335497	63.97	-1	0	40161	7.66	6307	-1	-999999	-999999	0	1
FL51b_F08_S164	632441	580056	91.72	-1	0	412713	65.26	-1	0	44522	7.04	6945	-1	41.13153	2.022219	0	1
FL51b_F09_S165	586533	534349	91.1	-1	0	371214	63.29	-1	0	37278	6.36	6360	-1	52.01306	4.667868	0	1
FL51b_F10_S166	899153	841486	93.59	-1	0	609762	67.82	-1	0	62000	6.9	8318	-1	39.56441	2.386105	0	1
FL51b_F11_S167	658541	608329	92.38	-1	0	431464	65.52	-1	0	46154	7.01	6882	-1	117.2623	9.043518	0	1
FL51b_F12_S168	372376	341880	91.81	-1	0	251465	67.53	-1	0	30638	8.23	6560	-1	54.22849	4.34071	0	1
FL51b_G01_S169	330356	300184	90.87	-1	0	187946	56.89	-1	0	18859	5.71	6196	-1	38.70995	1.460593	0	1
FL51b_G02_S170	937234	873533	93.2	-1	0	624732	66.66	-1	0	76141	8.12	6980	-1	48.43593	4.606988	0	1
FL51b_G03_S171	1190375	1080098	90.74	-1	0	778576	65.41	-1	0	91879	7.72	7405	-1	72.56168	4.836182	0	1
FL51b_G04_S172	1399050	1298050	92.78	-1	0	883195	63.13	-1	0	107319	7.67	7686	-1	-999999	-999999	0	1
FL51b_G05_S173	1039168	967208	93.08	-1	0	671301	64.6	-1	0	83958	8.08	6699	-1	53.48037	3.471466	0	1
FL51b_G06_S174	1218797	1129832	92.7	-1	0	754660	61.92	-1	0	97310	7.98	8855	-1	105.6899	7.110914	0	1
FL51b_G07_S175	1508011	1422960	94.36	-1	0	1045459	69.33	-1	0	136286	9.04	8619	-1	79.59452	2.931001	0	1
FL51b_G08_S176	1530471	1435122	93.77	-1	0	1052125	68.75	-1	0	124905	8.16	7909	-1	132.026	6.707778	0	1
FL51b_G09_S177	1550325	1452151	93.67	-1	0	1003233	64.71	-1	0	132974	8.58	6911	-1	70.06136	5.562687	0	1
FL51b_G10_S178	1237771	1157770	93.54	-1	0	816017	65.93	-1	0	90083	7.28	7031	-1	49.4988	0.3393823	0	1
FL51b_G11_S179	1375832	1282407	93.21	-1	0	921097	66.95	-1	0	115557	8.4	7301	-1	45.89788	3.587207	0	1
FL51b_G12_S180	804899	750239	93.21	-1	0	530213	65.87	-1	0	55015	6.84	6336	-1	53.5668	3.185188	0	1
FL51b_H01_S181	1312665	1227251	93.49	-1	0	861017	65.59	-1	0	93427	7.12	6877	-1	49.53026	5.0595	0	1
FL51b_H02_S182	1309032	1227220	93.75	-1	0	892599	68.19	-1	0	95093	7.26	7178	-1	51.82977	4.320342	0	1
FL51b_H03_S183	1482090	1391299	93.87	-1	0	971049	65.52	-1	0	103415	6.98	7742	-1	70.64807	4.327174	0	1
FL51b_H04_S184	1191577	1113091	93.41	-1	0	765038	64.2	-1	0	85800	7.2	6399	-1	39.0406	2.839182	0	1
FL51b_H05_S185	1256525	1169204	93.05	-1	0	804283	64.01	-1	0	89655	7.14	6769	-1	44.65794	2.35267	0	1
FL51b_H06_S186	1165661	1079773	92.63	-1	0	774479	66.44	-1	0	71525	6.14	8974	-1	63.50945	5.118302	0	1
FL51b_H07_S187	1423567	1324476	93.04	-1	0	981552	68.95	-1	0	109190	7.67	6881	-1	82.4153	5.341592	0	1
FL51b_H08_S188	1067931	995758	93.24	-1	0	688700	64.49	-1	0	65574	6.14	6907	-1	43.68319	2.043811	0	1
FL51b_H09_S189	1659070	1565081	94.33	-1	0	1148250	69.21	-1	0	119755	7.22	9028	-1	58.66014	2.643121	0	1
FL51b_H10_S190	1226268	1151908	93.94	-1	0	830840	67.75	-1	0	89402	7.29	8152	-1	-999999	-999999	0	1
FL51b_H11_S191	605684	565786	93.41	-1	0	399120	65.9	-1	0	41672	6.88	7033	-1	92.29478	5.77471	0	1
FL51b_H12_S192	753350	711832	94.49	-1	0	510976	67.83	-1	0	47086	6.25	8883	-1	60.03789	5.043801	0	1
FL52_A01_S97	1639606	1527415	93.16	-1	0	1200586	73.22	-1	0	-1	-1	7168	-1	62.01337	4.366383	17	2
FL52_A02_S98	684534	627525	91.67	-1	0	470555	68.74	-1	0	-1	-1	6811	-1	54.00899	5.27112	41	2
FL52_A03_S99	641871	583097	90.84	-1	0	431213	67.18	-1	0	-1	-1	7015	-1	56.79171	3.477013	57	2
FL52_A04_S100	1367299	1276190	93.34	-1	0	972365	71.12	-1	0	-1	-1	7261	-1	58.00528	4.467518	65	2
FL52_A05_S101	2138	1166	54.54	-1	-0.05	837	39.15	-1	-0.05	-1	-1	507	-1	41.74037	-0.05642556	73	2
FL52_A06_S102	380277	354997	93.35	-1	0	252197	66.32	-1	0	-1	-1	6556	-1	-99999	-99999	81	2
FL52_A07_S103	370147	341314	92.21	-1	0	250637	67.71	-1	0	-1	-1	6355	-1	42.56314	2.391143	89	2
FL52_A08_S104	630884	590000	93.52	-1	0	462099	73.25	-1	0	-1	-1	8270	-1	-99999	-99999	97	2
FL52_A09_S105	911600	845565	92.76	-1	0	665053	72.95	-1	0	-1	-1	6819	-1	52.81034	4.253903	105	2
FL52_A10_S106	506517	468417	92.48	-1	0	350179	69.13	-1	0	-1	-1	6174	-1	37.89561	2.553874	113	2
FL52_A11_S107	391446	358935	91.69	-1	0	257371	65.75	-1	0	-1	-1	6777	-1	54.40954	5.702942	129	2
FL52_A12_S108	489012	450660	92.16	-1	0	336209	68.75	-1	0	-1	-1	6265	-1	45.64973	2.223824	137	2
FL52_B01_S109	239013	224503	93.93	-1	0	170042	71.14	-1	0	-1	-1	7457	-1	106.0108	6.701841	18	2
FL52_B02_S110	995	562	56.48	-1	-0.1	427	42.91	-1	-0.1	-1	-1	309	-1	60.48454	3.399213	42	2
FL52_B03_S111	365228	338899	92.79	-1	0	254492	69.68	-1	0	-1	-1	6820	-1	68.17577	2.07139	58	2
FL52_B04_S112	364215	338211	92.86	-1	0	262369	72.04	-1	0	-1	-1	7192	-1	67.32162	6.867822	66	2
FL52_B05_S113	900680	852278	94.63	-1	0	676313	75.09	-1	0	-1	-1	8644	-1	146.8604	8.390561	74	2
FL52_B06_S114	319193	299201	93.74	-1	0	235248	73.7	-1	0	-1	-1	6705	-1	62.06781	2.958928	82	2
FL52_B07_S115	302862	282711	93.35	-1	0	206705	68.25	-1	0	-1	-1	6334	-1	38.55015	1.948278	90	2
FL52_B08_S116	181157	168359	92.94	-1	0	131125	72.38	-1	0	-1	-1	6231	-1	55.11685	3.736642	98	2
FL52_B09_S117	121000	112387	92.88	-1	0	83202	68.76	-1	0	-1	-1	5640	-1	38.1178	2.271328	106	2
FL52_B10_S118	322479	297529	92.26	-1	0	233601	72.44	-1	0	-1	-1	6292	-1	42.61301	5.189632	114	2
FL52_B11_S119	148319	136535	92.05	-1	0	100304	67.63	-1	0	-1	-1	5630	-1	44.61421	3.81951	130	2
FL52_B12_S120	995735	928560	93.25	-1	0	736624	73.98	-1	0	-1	-1	7497	-1	66.49093	3.621372	138	2
FL52_C01_S121	1951	594	30.45	-1	-0.05	481	24.65	-1	-0.05	-1	-1	355	-1	65.36137	6.811851	19	2
FL52_C02_S122	581490	532249	91.53	-1	0	420283	72.28	-1	0	-1	-1	6164	-1	37.20208	2.279701	43	2
FL52_C03_S123	701869	653094	93.05	-1	0	515766	73.48	-1	0	-1	-1	7383	-1	62.30994	3.949414	59	2
FL52_C04_S124	456904	427245	93.51	-1	0	336907	73.74	-1	0	-1	-1	7561	-1	-99999	-99999	67	2
FL52_C05_S125	2412290	2243567	93.01	-1	0	1835113	76.07	-1	0	-1	-1	5718	-1	58.38356	3.703446	75	2
FL52_C06_S126	687463	645574	93.91	-1	0	504945	73.45	-1	0	-1	-1	7850	-1	83.09197	7.72397	83	2
FL52_C07_S127	536294	495456	92.39	-1	0	389777	72.68	-1	0	-1	-1	6955	-1	41.826	2.788541	91	2
FL52_C08_S128	488232	449398	92.05	-1	0	353372	72.38	-1	0	-1	-1	6517	-1	41.49938	4.403335	99	2
FL52_C09_S129	326326	300566	92.11	-1	0	233542	71.57	-1	0	-1	-1	6187	-1	37.10195	2.6639	107	2
FL52_C10_S130	754438	702942	93.17	-1	0	548163	72.66	-1	0	-1	-1	8226	-1	43.41584	4.555285	115	2
FL52_C11_S131	414899	379477	91.46	-1	0	286665	69.09	-1	0	-1	-1	6877	-1	51.18602	5.528435	131	2
FL52_C12_S132	481269	440701	91.57	-1	0	338102	70.25	-1	0	-1	-1	6761	-1	49.12304	4.223432	139	2
FL52_D01_S133	2231992	2083156	93.33	-1	0	1584977	71.01	-1	0	-1	-1	7181	-1	57.01562	4.409769	20	2
FL52_D02_S134	1154996	1079961	93.5	-1	0	802066	69.44	-1	0	-1	-1	7178	-1	49.62983	4.311857	44	2
FL52_D03_S135	1693351	1591760	94	-1	0	1218706	71.97	-1	0	-1	-1	7543	-1	70.63268	1.499874	60	2
FL52_D04_S136	740993	686424	92.64	-1	0	528670	71.35	-1	0	-1	-1	6881	-1	49.2144	4.448499	68	2
FL52_D05_S137	1766530	1660164	93.98	-1	0	1326915	75.11	-1	0	-1	-1	7450	-1	56.55102	3.499934	76	2
FL52_D06_S138	450911	420947	93.35	-1	0	311626	69.11	-1	0	-1	-1	6234	-1	44.15777	3.903709	84	2
FL52_D07_S139	434034	405008	93.31	-1	0	307221	70.78	-1	0	-1	-1	6516	-1	78.09457	1.504047	92	2
FL52_D08_S140	49693	45074	90.7	-1	0	36298	73.04	-1	0	-1	-1	4999	-1	38.45612	2.004756	100	2
FL52_D09_S141	530606	493928	93.09	-1	0	385346	72.62	-1	0	-1	-1	7312	-1	58.73187	4.337095	108	2
FL52_D10_S142	13896	2525	18.17	-1	-0.01	464	3.34	-1	-0.01	-1	-1	93	-1	52.02989	5.329527	116	2
FL52_D11_S143	462762	428169	92.52	-1	0	327616	70.8	-1	0	-1	-1	7255	-1	63.55567	3.767136	132	2
FL52_D12_S144	17581	3825	21.76	-1	-0.01	1301	7.4	-1	-0.01	-1	-1	210	-1	77.40739	1.67068	140	2
FL52_E01_S145	3247594	3009608	92.67	-1	0	2468765	76.02	-1	0	-1	-1	4835	-1	67.91769	4.337857	21	2
FL52_E02_S146	1028153	951760	92.57	-1	0	754767	73.41	-1	0	-1	-1	6591	-1	42.56123	5.717249	45	2
FL52_E03_S147	616944	504259	81.73	-1	0	348378	56.47	-1	0	-1	-1	1165	-1	36.37916	1.997372	61	2
FL52_E04_S148	492526	457057	92.8	-1	0	347526	70.56	-1	0	-1	-1	7384	-1	63.12501	3.700568	69	2
FL52_E05_S149	1679979	1583962	94.28	-1	0	1269842	75.59	-1	0	-1	-1	7626	-1	71.11857	3.500926	77	2
FL52_E06_S150	427722	396403	92.68	-1	0	320995	75.05	-1	0	-1	-1	6216	-1	34.35227	2.885047	85	2
FL52_E07_S151	459927	429548	93.39	-1	0	320781	69.75	-1	0	-1	-1	7318	-1	65.19876	2.693026	93	2
FL52_E08_S152	414770	381015	91.86	-1	0	300121	72.36	-1	0	-1	-1	6558	-1	45.42891	3.526528	101	2
FL52_E09_S153	6304	1228	19.48	-1	-0.02	330	5.23	-1	-0.02	-1	-1	199	-1	-99999	-99999	109	2
FL52_E10_S154	855505	801863	93.73	-1	0	618397	72.28	-1	0	-1	-1	7644	-1	65.68794	4.801573	117	2
FL52_E11_S155	561733	517334	92.1	-1	0	388915	69.23	-1	0	-1	-1	6382	-1	41.18927	4.521974	133	2
FL52_E12_S156	831183	778519	93.66	-1	0	613965	73.87	-1	0	-1	-1	7767	-1	86.2706	5.823946	141	2
FL52_F01_S157	1361242	1273679	93.57	-1	0	1004629	73.8	-1	0	-1	-1	7736	-1	82.64284	2.06277	22	2
FL52_F02_S158	393841	363817	92.38	-1	0	282758	71.79	-1	0	-1	-1	6544	-1	49.63796	3.108746	46	2
FL52_F03_S159	1040342	971387	93.37	-1	0	778867	74.87	-1	0	-1	-1	6322	-1	44.60851	4.581682	62	2
FL52_F04_S160	195632	180592	92.31	-1	0	133201	68.09	-1	0	-1	-1	6460	-1	55.7778	2.90165	70	2
FL52_F05_S161	253672	235572	92.86	-1	0	180428	71.13	-1	0	-1	-1	6165	-1	39.23035	2.644221	78	2
FL52_F06_S162	750397	707114	94.23	-1	0	544632	72.58	-1	0	-1	-1	8321	-1	47.23935	4.086072	86	2
FL52_F07_S163	215323	201297	93.49	-1	0	151875	70.53	-1	0	-1	-1	6688	-1	56.28759	4.847219	94	2
FL52_F08_S164	214271	194850	90.94	-1	0	155479	72.56	-1	0	-1	-1	6279	-1	49.39515	3.753224	102	2
FL52_F09_S165	320856	297815	92.82	-1	0	223786	69.75	-1	0	-1	-1	6397	-1	-99999	-99999	110	2
FL52_F10_S166	277859	253756	91.33	-1	0	187878	67.62	-1	0	-1	-1	6077	-1	39.46508	2.551566	118	2
FL52_F11_S167	339845	313947	92.38	-1	0	229517	67.54	-1	0	-1	-1	6477	-1	47.36332	3.015406	134	2
FL52_F12_S168	793078	743388	93.73	-1	0	564771	71.21	-1	0	-1	-1	8724	-1	103.5608	8.789183	142	2
FL52_G01_S169	580330	533584	91.94	-1	0	409838	70.62	-1	0	-1	-1	5877	-1	-99999	-99999	23	2
FL52_G02_S170	1981036	1858017	93.79	-1	0	1492896	75.36	-1	0	-1	-1	7461	-1	82.41302	5.673449	47	2
FL52_G03_S171	387106	357834	92.44	-1	0	275632	71.2	-1	0	-1	-1	6283	-1	43.03384	3.311665	63	2
FL52_G04_S172	1404822	1312989	93.46	-1	0	1068945	76.09	-1	0	-1	-1	6174	-1	45.15713	1.728187	71	2
FL52_G05_S173	154525	137854	89.21	-1	0	98356	63.65	-1	0	-1	-1	4695	-1	-99999	-99999	79	2
FL52_G06_S174	416190	389070	93.48	-1	0	299804	72.04	-1	0	-1	-1	6930	-1	56.57576	5.421785	87	2
FL52_G07_S175	376899	351917	93.37	-1	0	264919	70.29	-1	0	-1	-1	6367	-1	45.43635	1.3363	95	2
FL52_G08_S176	189592	174656	92.12	-1	0	136093	71.78	-1	0	-1	-1	5440	-1	36.47607	1.617834	103	2
FL52_G09_S177	692226	649387	93.81	-1	0	498507	72.02	-1	0	-1	-1	7029	-1	53.62181	5.824488	111	2
FL52_G10_S178	472375	438543	92.84	-1	0	327453	69.32	-1	0	-1	-1	6721	-1	48.84766	5.466991	119	2
FL52_G11_S179	48348	33586	69.47	-1	0	26550	54.91	-1	0	-1	-1	1456	-1	50.37526	3.584149	135	2
FL52_G12_S180	685361	634505	92.58	-1	0	489921	71.48	-1	0	-1	-1	7892	-1	81.50377	7.020152	143	2
FL52_H01_S181	2741238	2556708	93.27	-1	0	2093381	76.37	-1	0	-1	-1	5705	-1	-99999	-99999	24	2
FL52_H02_S182	697684	644888	92.43	-1	0	506222	72.56	-1	0	-1	-1	5811	-1	37.06623	1.863319	48	2
FL52_H03_S183	269774	246137	91.24	-1	0	179077	66.38	-1	0	-1	-1	5227	-1	33.21246	0.01657109	64	2
FL52_H04_S184	595205	554098	93.09	-1	0	424953	71.4	-1	0	-1	-1	6900	-1	56.88476	4.236466	72	2
FL52_H05_S185	1953657	1837196	94.04	-1	0	1480335	75.77	-1	0	-1	-1	7545	-1	66.12627	5.056988	80	2
FL52_H06_S186	382089	349559	91.49	-1	0	251859	65.92	-1	0	-1	-1	8012	-1	42.80355	2.489667	88	2
FL52_H07_S187	437480	409799	93.67	-1	0	289122	66.09	-1	0	-1	-1	7013	-1	101.5531	-2.243488	96	2
FL52_H08_S188	265972	246208	92.57	-1	0	192342	72.32	-1	0	-1	-1	6179	-1	49.2076	4.709203	104	2
FL52_H09_S189	622318	571740	91.87	-1	0	439553	70.63	-1	0	-1	-1	6551	-1	40.5683	2.766892	112	2
FL52_H10_S190	302157	272085	90.05	-1	0	203281	67.28	-1	0	-1	-1	5816	-1	35.04649	2.974964	120	2
FL52_H11_S191	774540	726113	93.75	-1	0	571945	73.84	-1	0	-1	-1	7689	-1	65.81475	5.152048	136	2
FL52_H12_S192	800765	739444	92.34	-1	0	573156	71.58	-1	0	-1	-1	6843	-1	50.66131	4.229648	144	2
