sample	fastq	pct_aligned	sample	gene_count	mass	mar	rsq	system
L1210trap_H01_S85_comb	1	1	1	3133	54.34422845	4.555365685	0.992924733	1
L1210trap_G01_S73_comb	1	1	2	6925	69.50637312	5.234757816	0.995168106	1
L1210trap_F01_S61_comb	1	1	3	7489	57.16254709	4.781957267	0.993963393	1
L1210trap_E01_S49_comb	1	1	4	6504	54.9703127	3.743590593	0.982759897	1
L1210trap_D01_S37_comb	1	1	5	7901	63.95728934	5.309769928	0.994957589	1
L1210trap_C01_S25_comb	1	1	6	7270	43.17913852	3.016714206	0.968965981	1
L1210trap_B01_S13_comb	1	1	7	6145	29.38525476	1.97274824	0.972917144	1
L1210trap_H02_S86_comb	1	1	8	3832	56.68741926	4.469743462	0.992290312	1
L1210trap_G02_S74_comb	1	1	9	7009	49.34582528	4.515184148	0.98647713	1
L1210trap_F02_S62_comb	1	1	10	7643	67.38030952	5.191746764	0.986169501	1
L1210trap_E02_S50_comb	1	1	11	7816	64.84258851	4.979555858	0.990506405	1
L1210trap_D02_S38_comb	1	1	12	7444	46.59851813	3.426113094	0.978420634	1
L1210trap_C02_S26_comb	1	1	13	7148	52.53026182	4.017261765	0.976904531	1
L1210trap_B02_S14_comb	1	1	14	6291	29.90592326	2.376094361	0.932253554	1
L1210trap_H03_S87_comb	1	1	15	5509	61.8122319	3.942907837	0.981397319	1
L1210trap_G03_S75_comb	1	1	16	6696	55.37539758	4.748192195	0.989143386	1
L1210trap_F03_S63_comb	1	1	17	6086	39.33118495	2.952450165	0.957288564	1
L1210trap_E03_S51_comb	1	1	18	7363	50.51012704	2.496478833	0.940460361	1
L1210trap_D03_S39_comb	1	1	19	3842	48.22973511	2.950841512	0.945073165	1
L1210trap_C03_S27_comb	1	1	20	7020	41.92216721	2.515631358	0.939043131	1
L1210trap_B03_S15_comb	1	1	21	1954	49.87425855	3.504178823	0.967515767	1
L1210trap_H04_S88_comb	1	1	22	329	64.11436652	4.732412925	0.985970912	1
L1210trap_G04_S76_comb	1	1	23	7285	63.03797428	5.605909496	0.977884822	1
L1210trap_F04_S64_comb	1	1	24	112	71.47473	4.500589603	0.976764229	1
L1210trap_E04_S52_comb	1	1	25	1543	48.14006118	3.812516677	0.988321498	1
L1210trap_D04_S40_comb	1	1	26	3094	40.7695623	3.126084096	0.978220291	1
L1210trap_C04_S28_comb	1	1	27	7060	39.82811787	2.755104845	0.9803058	1
L1210trap_B04_S16_comb	1	1	28	3626	55.33213308	2.628616143	0.758030765	1
L1210trap_H05_S89_comb	1	1	29	4785	45.36380224	3.590145371	0.993741327	1
L1210trap_G05_S77_comb	1	1	30	6883	58.84645801	4.051067473	0.995726099	1
L1210trap_F05_S65_comb	1	1	31	3373	48.1440867	3.003774698	0.99354382	1
L1210trap_E05_S53_comb	1	1	32	5286	50.18857115	3.926152288	0.996959011	1
L1210trap_D05_S41_comb	1	1	33	7416	53.09365025	3.772153557	0.995776361	1
L1210trap_C05_S29_comb	1	1	34	7057	44.79212085	2.756542341	0.988902916	1
L1210trap_B05_S17_comb	1	1	35	2678	33.4658297	2.572431679	0.980868951	1
L1210trap_H06_S90_comb	1	1	36	793	53.68116215	4.03895024	0.992315392	1
L1210trap_G06_S78_comb	1	1	37	7976	55.11864399	4.43713275	0.989370321	1
L1210trap_F06_S66_comb	1	1	38	8071	41.47374742	2.702035225	0.98393309	1
L1210trap_E06_S54_comb	1	1	39	7847	66.65540674	4.977448934	0.99278856	1
L1210trap_D06_S42_comb	1	1	40	7028	66.23263889	3.823014059	0.982659957	1
L1210trap_C06_S30_comb	1	1	41	7521	53.0944816	6.067459262	0.984267424	1
L1210trap_B06_S18_comb	1	1	42	1050	31.56320619	1.432290793	0.91093387	1
L1210trap_H07_S91_comb	1	1	43	5893	55.47513728	3.134264929	0.944587481	1
L1210trap_G07_S79_comb	1	1	44	4401	60.61694389	3.650368304	0.937512375	1
L1210trap_F07_S67_comb	1	1	45	6633	56.12436567	3.595552838	0.910179288	1
L1210trap_E07_S55_comb	1	1	46	4185	76.22584006	5.700331707	0.976288669	1
L1210trap_D07_S43_comb	1	1	47	86	48.56508347	3.956292406	0.961045846	1
L1210trap_C07_S31_comb	1	1	48	1631	69.01209091	5.749705935	0.971492184	1
L1210trap_B07_S19_comb	1	1	49	3	32.86593275	2.941570626	0.958372383	1
L1210trap_H08_S92_comb	1	1	50	100	51.76775046	4.2658233	0.984014544	1
L1210trap_G08_S80_comb	1	1	51	5452	50.75526514	3.293574293	0.970145026	1
L1210trap_F08_S68_comb	1	1	52	5877	43.96301016	2.45267515	0.902956437	1
L1210trap_E08_S56_comb	1	1	53	7614	60.4733423	4.618966955	0.978117212	1
L1210trap_D08_S44_comb	1	1	54	6396	49.97821717	3.476879838	0.950676282	1
L1210trap_C08_S32_comb	1	1	55	5293	56.70115146	3.814797303	0.961390789	1
L1210trap_B08_S20_comb	1	1	56	5568	39.65368187	3.799334853	0.918812991	1
L1210trap_H09_S93_comb	1	1	57	4169	74.34733116	8.18718207	0.938930181	1
L1210trap_G09_S81_comb	1	1	58	5335	53.87951264	5.132265117	0.989121097	1
L1210trap_F09_S69_comb	1	1	59	6899	57.93799952	3.668022796	0.946808546	1
L1210trap_E09_S57_comb	1	1	60	8866	58.48235871	4.413925087	0.972825847	1
L1210trap_D09_S45_comb	1	1	61	5941	71.18321913	4.437153118	0.876049942	1
L1210trap_C09_S33_comb	1	1	62	4271	43.0049721	3.555868488	0.962489705	1
L1210trap_B09_S21_comb	1	1	63	1702	41.21681806	2.863751063	0.943142489	1
L1210trap_H10_S94_comb	1	1	64	5024	41.36004207	2.369829963	0.988953963	1
L1210trap_G10_S82_comb	1	1	65	7893	34.09271138	2.258220717	0.907523581	1
L1210trap_F10_S70_comb	1	1	66	3652	39.09183152	2.915787518	0.977997061	1
L1210trap_E10_S58_comb	1	1	67	5902	35.06824186	2.93590142	0.977046818	1
L1210trap_D10_S46_comb	1	1	68	567	56.42868991	4.085677207	0.991919967	1
L1210trap_C10_S34_comb	1	1	69	6662	48.23673675	3.627706478	0.981742641	1
L1210trap_B10_S22_comb	1	1	70	6181	39.24025436	3.708320473	0.980174305	1
L1210trap_H11_S95_comb	1	1	71	-1	53.82579937	3.989923285	0.977743508	1
L1210trap_G11_S83_comb	1	1	72	6499	46.11915893	3.025670413	0.954858207	1
L1210trap_F11_S71_comb	1	1	73	7658	0	0	0	1
L1210trap_E11_S59_comb	1	1	74	7603	65.64385744	5.130519955	0.972115015	1
L1210trap_D11_S47_comb	1	1	75	7185	65.42538874	4.628013674	0.983859378	1
L1210trap_C11_S35_comb	1	1	76	6559	51.32377682	4.145119383	0.989779907	1
L1210trap_B11_S23_comb	1	1	77	6	55.71644308	6.393334719	0.989939479	1
L1210trap_H12_S96_comb	1	1	78	492	70.301656	3.718503037	0.982754218	1
L1210trap_G12_S84_comb	1	1	79	6677	49.42540972	3.298688422	0.986220562	1
L1210trap_F12_S72_comb	1	1	80	6406	45.33154723	2.23909439	0.965472765	1
L1210trap_E12_S60_comb	1	1	81	7020	64.33499167	4.343522948	0.990912576	1
L1210trap_D12_S48_comb	1	1	82	6802	48.99844934	2.607987327	0.977988589	1
L1210trap_C12_S36_comb	1	1	83	6623	59.37156344	5.681117939	0.986322903	1
L1210trap_A01_S1_comb	1	1	84	3735	60.39383159	3.256402264	0.989760751	1
L1210trap_A02_S2_comb	1	1	85	96	51.1166748	3.500426685	0.972265764	1
L1210trap_A03_S3_comb	1	1	86	6758	51.11354918	3.7017675	0.960467173	1
L1210trap_A04_S4_comb	1	1	87	7179	64.34947978	5.788540901	0.977390365	1
L1210trap_A05_S5_comb	1	1	88	6500	49.50840095	4.342536841	0.969053559	1
L1210trap_A06_S6_comb	1	1	89	3667	63.7889361	5.223633006	0.985323689	1
L1210trap_A07_S7_comb	1	1	90	3456	56.40187541	5.489113065	0.991106268	1
L1210trap_H01_S181_comb	1	1	91	2594	58.37227041	4.142898161	0.991914883	1
L1210trap_G01_S169_comb	1	1	92	1752	42.4064642	2.580778561	0.82892112	1
L1210trap_F01_S157_comb	1	1	93	5969	36.30618052	2.262291569	0.956308576	1
L1210trap_E01_S145_comb	1	1	94	2319	59.93909081	4.71833219	0.994642077	1
L1210trap_D01_S133_comb	1	1	95	7513	52.59896375	4.498901456	0.993326988	1
L1210trap_C01_S121_comb	1	1	96	6667	37.51863435	1.136969685	0.62830453	1
L1210trap_B01_S109_comb	1	1	97	5436	55.59891265	14.68797432	0.827596472	1
L1210trap_H02_S182_comb	1	1	98	7134	59.78639667	4.959701993	0.994615127	1
L1210trap_G02_S170_comb	1	1	99	320	48.1683664	4.029597502	0.99305338	1
L1210trap_F02_S158_comb	1	1	100	6430	41.0140421	3.348688331	0.977448201	1
L1210trap_E02_S146_comb	1	1	101	4532	66.2218372	4.710600703	0.995762864	1
L1210trap_D02_S134_comb	1	1	102	6559	42.71006502	3.816306809	0.995074365	1
L1210trap_C02_S122_comb	1	1	103	6771	41.36444159	2.269432884	0.960683952	1
L1210trap_B02_S110_comb	1	1	104	6124	34.81996239	2.642901253	0.98009866	1
L1210trap_H03_S183_comb	1	1	105	7235	63.62018795	5.665924482	0.957183118	1
L1210trap_G03_S171_comb	1	1	106	6542	57.84445159	4.576582669	0.991879596	1
L1210trap_F03_S159_comb	1	1	107	5905	48.83216579	3.986291129	0.993879727	1
L1210trap_E03_S147_comb	1	1	108	5591	40.59730986	2.8324769	0.9849291	1
L1210trap_D03_S135_comb	1	1	109	5559	74.75614324	-0.67301465	0.80279684	1
L1210trap_C03_S123_comb	1	1	110	2992	45.11228116	3.19469112	0.988641591	1
L1210trap_B03_S111_comb	1	1	111	5626	46.34109523	3.127878175	0.987403335	1
L1210trap_H04_S184_comb	1	1	112	7453	80.95716796	5.689485685	0.991835469	1
L1210trap_G04_S172_comb	1	1	113	4899	68.10676197	1.874872347	0.072586313	1
L1210trap_F04_S160_comb	1	1	114	6469	62.60070415	4.549010859	0.98780896	1
L1210trap_E04_S148_comb	1	1	115	3726	38.52416607	2.916277077	0.955845178	1
L1210trap_D04_S136_comb	1	1	116	5060	43.82739272	3.076015911	0.975019732	1
L1210trap_C04_S124_comb	1	1	117	4954	37.10718806	1.96919162	0.848002881	1
L1210trap_B04_S112_comb	1	1	118	5671	36.85252463	7.116515771	0.563085993	1
L1210trap_H05_S185_comb	1	1	119	6115	45.19955509	3.859828833	0.9587856	1
L1210trap_G05_S173_comb	1	1	120	6974	66.56481584	5.119433231	0.982771537	1
L1210trap_F05_S161_comb	1	1	121	1109	39.286406	2.740318543	0.96256433	1
L1210trap_E05_S149_comb	1	1	122	4829	51.00624731	3.745739841	0.980482672	1
L1210trap_D05_S137_comb	1	1	123	2668	54.77751653	3.800210411	0.988230391	1
L1210trap_C05_S125_comb	1	1	124	91	42.15194733	2.491099936	0.977901636	1
L1210trap_B05_S113_comb	1	1	125	4298	34.94648239	1.126699436	0.708339119	1
L1210trap_H06_S186_comb	1	1	126	6908	41.49277021	1.600644626	0.920794573	1
L1210trap_G06_S174_comb	1	1	127	6390	36.23300058	2.470450423	0.979639347	1
L1210trap_F06_S162_comb	1	1	128	6205	44.97407915	3.163543509	0.956800134	1
L1210trap_E06_S150_comb	1	1	129	1940	35.81364597	1.893438453	0.969424806	1
L1210trap_D06_S138_comb	1	1	130	5010	53.223154	3.444125702	0.956799069	1
L1210trap_C06_S126_comb	1	1	131	5310	37.6334964	2.013570654	0.923813548	1
L1210trap_B06_S114_comb	1	1	132	7056	47.38448813	2.715511351	0.983794074	1
L1210trap_H07_S187_comb	1	1	133	8148	57.66343335	4.345460564	0.985983372	1
L1210trap_G07_S175_comb	1	1	134	75	54.94332304	3.245529314	0.981415494	1
L1210trap_F07_S163_comb	1	1	135	13	58.55801459	4.198292478	0.988181443	1
L1210trap_E07_S151_comb	1	1	136	916	48.33473814	3.026467036	0.981481016	1
L1210trap_D07_S139_comb	1	1	137	290	35.79128201	2.830017808	0.96190054	1
L1210trap_C07_S127_comb	1	1	138	28	43.99774557	3.104931254	0.981481602	1
L1210trap_B07_S115_comb	1	1	139	6	47.82046491	3.185839415	0.980302655	1
L1210trap_H08_S188_comb	1	1	140	6893	55.24207827	2.497060655	0.933482679	1
L1210trap_G08_S176_comb	1	1	141	3782	43.33179416	3.054429491	0.983240363	1
L1210trap_F08_S164_comb	1	1	142	3675	39.86630255	1.923672538	0.924397796	1
L1210trap_E08_S152_comb	1	1	143	4189	58.24045334	3.859751133	0.990397818	1
L1210trap_D08_S140_comb	1	1	144	6466	42.98765893	2.393175873	0.951943448	1
L1210trap_C08_S128_comb	1	1	145	7332	62.54818706	4.165561587	0.982217737	1
L1210trap_B08_S116_comb	1	1	146	6523	32.13232086	2.253823789	0.939918876	1
L1210serial_A01_S193	504148	66.84	1	7526	42.53273	2.759498	0	2
L1210serial_A02_S194	1381565	63.73	9	6565	40.8029	3.757589	0	2
L1210serial_A03_S195	2701159	63.84	33	8999	49.5089	6.281748	0	2
L1210serial_A04_S196	1210655	65.78	41	8135	99.23779	4.441496	0	2
L1210serial_A05_S197	2450180	67.06	49	8728	139.3922	2.696735	0	2
L1210serial_A06_S198	938158	68.34	57	6442	42.7265	5.520382	0	2
L1210serial_A07_S199	656571	63.28	97	5957	37.60836	1.495958	0	2
L1210serial_A08_S200	1639259	63.75	105	9161	97.12716	6.444871	0	2
L1210serial_A09_S201	827026	68.04	113	7201	72.19708	6.172036	0	2
L1210serial_A10_S202	235920	73.91	121	4508	49.24754	2.942299	0	2
L1210serial_A11_S203	2111735	74.51	129	6548	57.19803	5.481106	0	2
L1210serial_A12_S204	99197	67.37	137	4473	52.10715	5.552888	0	2
L1210serial_B01_S205	1639754	67.35	2	7274	54.58714	4.385747	0	2
L1210serial_B02_S206	2029655	65.36	10	6860	48.59005	3.744569	0	2
L1210serial_B03_S207	2767168	62.77	34	8043	33.54707	2.652188	0	2
L1210serial_B04_S208	2542942	65.15	42	8869	68.26604	4.16984	0	2
L1210serial_B05_S209	696455	70.47	50	6851	62.80728	7.108467	0	2
L1210serial_B06_S210	1694673	65.55	58	7709	59.99014	4.762329	0	2
L1210serial_B07_S211	760190	62.69	98	6569	50.74378	3.395478	0	2
L1210serial_B08_S212	420689	61.98	106	6549	47.89976	1.624748	0	2
L1210serial_B09_S213	1718844	67.47	114	7329	57.77109	5.353177	0	2
L1210serial_B10_S214	1398792	67.4	122	8467	112.9099	7.255557	0	2
L1210serial_B11_S215	323203	64.17	130	5957	45.12487	2.962468	0	2
L1210serial_B12_S216	560214	65.23	138	6148	40.43307	3.440101	0	2
L1210serial_C01_S217	4226157	64.58	3	7797	46.46908	2.530884	0	2
L1210serial_C02_S218	3973918	64.31	11	7351	41.25013	3.355802	0	2
L1210serial_C03_S219	3246954	67.4	35	7634	65.17737	7.076655	0	2
L1210serial_C04_S220	2615725	63.49	43	7641	51.41789	4.849692	0	2
L1210serial_C05_S221	1073482	71.42	51	6698	52.71304	3.958104	0	2
L1210serial_C06_S222	1461008	67.74	59	6729	41.20492	2.811126	0	2
L1210serial_C07_S223	1088478	61.51	99	6660	39.79741	1.79267	0	2
L1210serial_C08_S224	465601	67.81	107	6051	42.62785	3.783868	0	2
L1210serial_C09_S225	4164434	69.46	115	8346	71.48157	5.375519	0	2
L1210serial_C10_S226	306840	70.38	123	5999	42.81564	3.385262	0	2
L1210serial_C11_S227	1096347	69.37	131	7462	66.614	6.504579	0	2
L1210serial_C12_S228	461594	61.02	139	6330	45.37023	3.187833	0	2
L1210serial_D01_S229	2873820	71.75	4	7068	45.45598	3.477883	0	2
L1210serial_D02_S230	2401997	66.66	12	8195	75.87049	5.941256	0	2
L1210serial_D03_S231	2051598	63.85	36	7044	90.56451	1.586386	0	2
L1210serial_D04_S232	1643665	63.89	44	7100	45.53351	3.670862	0	2
L1210serial_D05_S233	1064956	69.93	52	7587	73.04698	7.211739	0	2
L1210serial_D06_S234	1769920	65.77	60	7895	74.65808	6.302828	0	2
L1210serial_D07_S235	1624883	63.38	100	7425	50.91138	3.849058	0	2
L1210serial_D08_S236	862317	69.76	108	7773	81.88948	5.739332	0	2
L1210serial_D09_S237	1388314	67.16	116	7231	47.85846	1.87279	0	2
L1210serial_D10_S238	1821414	65.35	124	7701	61.73294	8.603409	0	2
L1210serial_D11_S239	1931591	68.35	132	7532	61.48634	5.116357	0	2
L1210serial_D12_S240	1051813	60.51	140	6982	50.801	3.959316	0	2
L1210serial_E01_S241	2214843	64.07	5	6997	43.05179	3.577778	0	2
L1210serial_E02_S242	3418368	61.67	13	7882	68.89053	3.262521	0	2
L1210serial_E03_S243	2790175	64.19	37	7279	65.14029	7.121628	0	2
L1210serial_E04_S244	901724	65.15	45	7429	63.12355	6.142689	0	2
L1210serial_E05_S245	912994	71.38	53	7580	68.47487	8.866997	0	2
L1210serial_E06_S246	1980315	66.81	61	7500	65.40279	5.931431	0	2
L1210serial_E07_S247	1316860	65.44	101	7561	63.24003	4.499354	0	2
L1210serial_E08_S248	2844629	69.08	109	7785	68.84371	6.178378	0	2
L1210serial_E09_S249	3769660	65.91	117	8391	85.77993	5.840637	0	2
L1210serial_E10_S250	1839	49.21	125	533	99999	99999	0	2
L1210serial_E11_S251	1613534	71.2	133	7201	59.69791	4.940602	0	2
L1210serial_E12_S252	760250	64.52	141	6955	70.85136	7.019613	0	2
L1210serial_F01_S253	2863325	72.3	6	7565	64.08845	-0.2099021	0	2
L1210serial_F02_S254	3365514	70.28	14	7697	55.57038	5.433162	0	2
L1210serial_F03_S255	3428947	70.35	38	8353	83.65432	3.0875	0	2
L1210serial_F04_S256	2529688	73.45	46	7182	48.78078	4.678822	0	2
L1210serial_F05_S257	2482691	73.43	54	7735	60.05005	7.552681	0	2
L1210serial_F06_S258	900319	69.33	62	6843	53.6892	0.323728	0	2
L1210serial_F07_S259	2839092	73.5	102	8160	73.6591	5.273493	0	2
L1210serial_F08_S260	2869976	69.82	110	7746	57.63648	4.293567	0	2
L1210serial_F09_S261	1330861	69.98	118	7193	50.62978	3.90498	0	2
L1210serial_F10_S262	2398581	75.86	126	5678	44.89244	3.877737	0	2
L1210serial_F11_S263	3400354	70.71	134	7816	52.75684	4.805325	0	2
L1210serial_F12_S264	1586330	70.52	142	4382	43.45312	3.546918	0	2
L1210serial_G01_S265	1634664	66.85	7	7905	72.12527	6.089216	0	2
L1210serial_G02_S266	1540774	64.53	15	7393	53.09745	5.469683	0	2
L1210serial_G03_S267	1578491	62.52	39	7232	99999	99999	0	2
L1210serial_G04_S268	1346468	62.85	47	7494	59.85394	5.730955	0	2
L1210serial_G05_S269	1288852	64.99	55	7079	49.03091	3.727733	0	2
L1210serial_G06_S270	1585987	67.52	63	7438	59.50442	5.487002	0	2
L1210serial_G07_S271	2440667	62.63	103	8932	99999	99999	0	2
L1210serial_G08_S272	1090661	72.37	111	6802	50.96517	3.662028	0	2
L1210serial_G09_S273	2195645	66.36	119	7258	47.47101	4.677067	0	2
L1210serial_G10_S274	2156723	71.46	127	2838	43.30757	4.904276	0	2
L1210serial_G11_S275	2729677	66.89	135	8223	68.71409	6.054572	0	2
L1210serial_G12_S276	1592898	66.63	143	7862	58.89994	1.506117	0	2
L1210serial_H01_S277	1840727	69.65	8	7477	52.86147	4.688936	0	2
L1210serial_H02_S278	1935457	64.01	16	7500	53.81643	6.482265	0	2
L1210serial_H03_S279	1433103	66.37	40	7740	68.65003	6.881837	0	2
L1210serial_H04_S280	1643262	64.84	48	7747	62.60832	5.434593	0	2
L1210serial_H05_S281	728028	68.26	56	6761	49.24445	2.703281	0	2
L1210serial_H06_S282	1390	47.27	64	282	74.84842	6.093858	0	2
L1210serial_H07_S283	1437135	64.42	104	7721	64.74429	5.686258	0	2
L1210serial_H08_S284	676052	70.94	112	6133	41.59746	2.754289	0	2
L1210serial_H09_S285	1130693	66.09	120	6704	43.13699	3.082742	0	2
L1210serial_H10_S286	700756	72.32	128	7513	73.10917	7.414911	0	2
L1210serial_H11_S287	1690898	71.17	136	6481	44.72631	3.578381	0	2
L1210serial_H12_S288	209109	66.81	144	5024	44.58729	3.315762	0	2
